<?xml version="1.0" encoding="utf-8"?>
<COLLADA xmlns="http://www.collada.org/2005/11/COLLADASchema" version="1.4.1">
  <asset><contributor><author>Mixamo</author><authoring_tool>COLLADA Mixamo exporter</authoring_tool><comments></comments></contributor><created>2018-10-30T17:17:19Z</created><modified>2018-10-30T17:17:19Z</modified><revision></revision><title></title><unit meter="0.010000"/><up_axis>Y_UP</up_axis></asset>
  <library_animations>
    <animation id="Hips-anim" name="Hips"><source id="Hips-Matrix-animation-input"><float_array id="Hips-Matrix-animation-input-array" count="32">

0.000000 0.033333 0.066667 0.100000 0.133333 0.166667 0.200000 0.233333 0.266667 0.300000 0.333333 0.366667 0.400000 0.433333 0.466667 0.500000
0.533333 0.566667 0.600000 0.633333 0.666667 0.700000 0.733333 0.766667 0.800000 0.833333 0.866667 0.900000 0.933333 0.966667 1.000000 1.033333</float_array><technique_common><accessor source="#Hips-Matrix-animation-input-array" count="32"><param name="TIME" type="float"/></accessor></technique_common></source><source id="Hips-Matrix-animation-output-transform"><float_array id="Hips-Matrix-animation-output-transform-array" count="512">

0.727899 0.053456 -0.683598 -0.342844 -0.000428 0.996992 0.077508 112.854156 0.685685 -0.056126 0.725732 0.368377 0.000000 0.000000 0.000000 1.000000
0.752118 0.052362 -0.656945 -0.173659 -0.005794 0.997325 0.072858 113.258743 0.659003 -0.050991 0.750410 1.455716 0.000000 0.000000 0.000000 1.000000
0.770883 0.051140 -0.634920 0.086935 -0.012882 0.997820 0.064729 113.528839 0.636846 -0.041720 0.769861 2.624625 0.000000 0.000000 0.000000 1.000000
0.785404 0.050211 -0.616943 0.359633 -0.020059 0.998246 0.055707 113.656418 0.618658 -0.031377 0.785034 3.763152 0.000000 0.000000 0.000000 1.000000
0.797796 0.048164 -0.601001 0.526862 -0.024635 0.998576 0.047324 113.602158 0.602424 -0.022949 0.797846 4.680377 0.000000 0.000000 0.000000 1.000000
0.810259 0.043858 -0.584428 0.501997 -0.025869 0.998901 0.039095 113.448555 0.585500 -0.016559 0.810503 5.260065 0.000000 0.000000 0.000000 1.000000
0.824071 0.037895 -0.565218 0.269939 -0.025580 0.999232 0.029699 113.404388 0.565909 -0.010016 0.824407 5.567197 0.000000 0.000000 0.000000 1.000000
0.839523 0.031101 -0.542433 -0.145828 -0.024893 0.999514 0.018781 113.576431 0.542753 -0.002265 0.839889 5.716339 0.000000 0.000000 0.000000 1.000000
0.856282 0.024667 -0.515919 -0.731167 -0.024537 0.999674 0.007071 113.916710 0.515925 0.006605 0.856608 5.784225 0.000000 0.000000 0.000000 1.000000
0.873896 0.019892 -0.485705 -1.500680 -0.025225 0.999672 -0.004443 114.273064 0.485457 0.016135 0.874112 5.771716 0.000000 0.000000 0.000000 1.000000
0.892395 0.017721 -0.450907 -2.479770 -0.027417 0.999512 -0.014981 114.517151 0.450421 0.025731 0.892445 5.648699 0.000000 0.000000 0.000000 1.000000
0.912204 0.018235 -0.409330 -3.667207 -0.030724 0.999241 -0.023954 114.623108 0.408582 0.034427 0.912072 5.426686 0.000000 0.000000 0.000000 1.000000
0.933065 0.020546 -0.359122 -5.015529 -0.033868 0.998950 -0.030842 114.640923 0.358111 0.040940 0.932781 5.171044 0.000000 0.000000 0.000000 1.000000
0.953227 0.023691 -0.301327 -6.458333 -0.035980 0.998729 -0.035298 114.607307 0.300107 0.044489 0.952867 4.935079 0.000000 0.000000 0.000000 1.000000
0.970395 0.027031 -0.240007 -7.961509 -0.037141 0.998599 -0.037699 114.589081 0.238652 0.045497 0.970039 4.686670 0.000000 0.000000 0.000000 1.000000
0.983340 0.029568 -0.179355 -9.566023 -0.037235 0.998524 -0.039532 114.570450 0.177921 0.045552 0.982990 4.362881 0.000000 0.000000 0.000000 1.000000
0.992158 0.031402 -0.120977 -11.284503 -0.036798 0.998413 -0.042630 114.615265 0.119447 0.046747 0.991739 3.910161 0.000000 0.000000 0.000000 1.000000
0.997448 0.032259 -0.063692 -13.037851 -0.035331 0.998237 -0.047697 114.803932 0.062041 0.049826 0.996829 3.332578 0.000000 0.000000 0.000000 1.000000
0.999500 0.031057 -0.005897 -14.629016 -0.031329 0.998074 -0.053549 115.074280 0.004223 0.053707 0.998548 2.718885 0.000000 0.000000 0.000000 1.000000
0.998225 0.027226 0.052959 -15.847956 -0.024159 0.998041 -0.057713 115.360153 -0.054427 0.056331 0.996928 2.142615 0.000000 0.000000 0.000000 1.000000
0.993370 0.022228 0.112789 -16.573523 -0.015768 0.998201 -0.057847 115.586960 -0.113871 0.055685 0.991934 1.674257 0.000000 0.000000 0.000000 1.000000
0.984651 0.018272 0.173578 -16.773592 -0.009212 0.998559 -0.052859 115.688187 -0.174294 0.050449 0.983400 1.391372 0.000000 0.000000 0.000000 1.000000
0.971860 0.015497 0.235051 -16.490009 -0.005528 0.999059 -0.043013 115.643944 -0.235496 0.040503 0.971031 1.315365 0.000000 0.000000 0.000000 1.000000
0.954988 0.011726 0.296412 -15.788354 -0.003188 0.999566 -0.029273 115.479637 -0.296626 0.027010 0.954612 1.392740 0.000000 0.000000 0.000000 1.000000
0.934151 0.005596 0.356834 -14.686460 -0.001129 0.999918 -0.012728 115.206886 -0.356877 0.011487 0.934081 1.533935 0.000000 0.000000 0.000000 1.000000
0.909283 -0.002960 0.416167 -13.209608 0.000728 0.999984 0.005521 114.847908 -0.416177 -0.004717 0.909272 1.651141 0.000000 0.000000 0.000000 1.000000
0.880298 -0.013782 0.474222 -11.433155 0.002534 0.999700 0.024351 114.456818 -0.474415 -0.020234 0.880069 1.691857 0.000000 0.000000 0.000000 1.000000
0.847591 -0.026102 0.530007 -9.417136 0.004113 0.999083 0.042625 114.063293 -0.530633 -0.033949 0.846921 1.638635 0.000000 0.000000 0.000000 1.000000
0.811832 -0.038473 0.582622 -7.185921 0.004935 0.998243 0.059042 113.673157 -0.583870 -0.045057 0.810596 1.478376 0.000000 0.000000 0.000000 1.000000
0.773166 -0.049393 0.632278 -4.774369 0.004782 0.997388 0.072068 113.317482 -0.634186 -0.052697 0.771382 1.196771 0.000000 0.000000 0.000000 1.000000
0.731215 -0.057600 0.679710 -2.256138 0.003540 0.996736 0.080658 113.043282 -0.682138 -0.056572 0.729032 0.806783 0.000000 0.000000 0.000000 1.000000
0.685732 -0.061379 0.725261 0.335578 -0.000145 0.996426 0.084465 112.813873 -0.727854 -0.058026 0.683273 0.314859 0.000000 0.000000 0.000000 1.000000</float_array><technique_common><accessor source="#Hips-Matrix-animation-output-transform-array" count="32" stride="16"><param type="float4x4"/></accessor></technique_common></source><source id="Hips-Interpolations"><Name_array id="Hips-Interpolations-array" count="32">
 LINEAR LINEAR LINEAR LINEAR LINEAR LINEAR LINEAR LINEAR LINEAR LINEAR LINEAR
LINEAR LINEAR LINEAR LINEAR LINEAR LINEAR LINEAR LINEAR LINEAR LINEAR LINEAR LINEAR
LINEAR LINEAR LINEAR LINEAR LINEAR LINEAR LINEAR LINEAR LINEAR</Name_array><technique_common><accessor source="#Hips-Interpolations-array" count="32"><param type="name"/></accessor></technique_common></source><sampler id="Hips-Matrix-animation-transform"><input semantic="INPUT" source="#Hips-Matrix-animation-input"/><input semantic="OUTPUT" source="#Hips-Matrix-animation-output-transform"/><input semantic="INTERPOLATION" source="#Hips-Interpolations"/></sampler><channel source="#Hips-Matrix-animation-transform" target="Hips/matrix"/></animation>
    <animation id="Spine-anim" name="Spine"><source id="Spine-Matrix-animation-input"><float_array id="Spine-Matrix-animation-input-array" count="32">

0.000000 0.033333 0.066667 0.100000 0.133333 0.166667 0.200000 0.233333 0.266667 0.300000 0.333333 0.366667 0.400000 0.433333 0.466667 0.500000
0.533333 0.566667 0.600000 0.633333 0.666667 0.700000 0.733333 0.766667 0.800000 0.833333 0.866667 0.900000 0.933333 0.966667 1.000000 1.033333</float_array><technique_common><accessor source="#Spine-Matrix-animation-input-array" count="32"><param name="TIME" type="float"/></accessor></technique_common></source><source id="Spine-Matrix-animation-output-transform"><float_array id="Spine-Matrix-animation-output-transform-array" count="512">

0.996385 0.018720 0.082868 0.000200 -0.010286 0.994827 -0.101057 10.849300 -0.084332 0.099839 0.991423 -0.097300 0.000000 0.000000 0.000000 1.000000
0.996366 0.017765 0.083303 0.000200 -0.009309 0.994861 -0.100824 10.849300 -0.084666 0.099682 0.991411 -0.097300 0.000000 0.000000 0.000000 1.000000
0.996311 0.017528 0.084012 0.000200 -0.009066 0.994939 -0.100071 10.849300 -0.085340 0.098941 0.991427 -0.097300 0.000000 0.000000 0.000000 1.000000
0.996238 0.017727 0.084825 0.000200 -0.009248 0.995012 -0.099326 10.849300 -0.086163 0.098167 0.991433 -0.097300 0.000000 0.000000 0.000000 1.000000
0.996146 0.019593 0.085494 0.000200 -0.011063 0.995014 -0.099124 10.849300 -0.087010 0.097796 0.991396 -0.097300 0.000000 0.000000 0.000000 1.000000
0.996052 0.023285 0.085669 0.000200 -0.014698 0.994926 -0.099529 10.849300 -0.087552 0.097877 0.991340 -0.097300 0.000000 0.000000 0.000000 1.000000
0.996016 0.027004 0.084983 0.000200 -0.018421 0.994796 -0.100204 10.849300 -0.087247 0.098239 0.991331 -0.097300 0.000000 0.000000 0.000000 1.000000
0.996068 0.029763 0.083443 0.000200 -0.021262 0.994661 -0.100977 10.849300 -0.086003 0.098806 0.991383 -0.097300 0.000000 0.000000 0.000000 1.000000
0.996190 0.031117 0.081465 0.000200 -0.022735 0.994538 -0.101865 10.849300 -0.084189 0.099625 0.991457 -0.097300 0.000000 0.000000 0.000000 1.000000
0.996351 0.031027 0.079511 0.000200 -0.022755 0.994431 -0.102907 10.849300 -0.082261 0.100722 0.991508 -0.097300 0.000000 0.000000 0.000000 1.000000
0.996523 0.029909 0.077769 0.000200 -0.021720 0.994331 -0.104088 10.849300 -0.080442 0.102036 0.991523 -0.097300 0.000000 0.000000 0.000000 1.000000
0.996686 0.028454 0.076203 0.000200 -0.020332 0.994232 -0.105302 10.849300 -0.078760 0.103403 0.991516 -0.097300 0.000000 0.000000 0.000000 1.000000
0.996819 0.027285 0.074884 0.000200 -0.019221 0.994142 -0.106361 10.849300 -0.077347 0.104583 0.991504 -0.097300 0.000000 0.000000 0.000000 1.000000
0.996884 0.026502 0.074293 0.000200 -0.018448 0.994080 -0.107073 10.849300 -0.076691 0.105368 0.991472 -0.097300 0.000000 0.000000 0.000000 1.000000
0.996857 0.026122 0.074794 0.000200 -0.017991 0.994055 -0.107387 10.849300 -0.077154 0.105704 0.991400 -0.097300 0.000000 0.000000 0.000000 1.000000
0.996743 0.026937 0.076008 0.000200 -0.018669 0.994035 -0.107453 10.849300 -0.078449 0.105684 0.991300 -0.097300 0.000000 0.000000 0.000000 1.000000
0.996592 0.028512 0.077403 0.000200 -0.020096 0.994012 -0.107408 10.849300 -0.080002 0.105486 0.991197 -0.097300 0.000000 0.000000 0.000000 1.000000
0.996457 0.030280 0.078460 0.000200 -0.021747 0.993976 -0.107415 10.849300 -0.081240 0.105329 0.991113 -0.097300 0.000000 0.000000 0.000000 1.000000
0.996359 0.032216 0.078934 0.000200 -0.023605 0.993904 -0.107690 10.849300 -0.081922 0.105435 0.991046 -0.097300 0.000000 0.000000 0.000000 1.000000
0.996297 0.034293 0.078848 0.000200 -0.025634 0.993786 -0.108316 10.849300 -0.082073 0.105894 0.990985 -0.097300 0.000000 0.000000 0.000000 1.000000
0.996272 0.035650 0.078562 0.000200 -0.026958 0.993671 -0.109042 10.849300 -0.081952 0.106518 0.990928 -0.097300 0.000000 0.000000 0.000000 1.000000
0.996284 0.035441 0.078495 0.000200 -0.026721 0.993631 -0.109472 10.849300 -0.081875 0.106968 0.990886 -0.097300 0.000000 0.000000 0.000000 1.000000
0.996309 0.034158 0.078749 0.000200 -0.025412 0.993663 -0.109493 10.849300 -0.081990 0.107088 0.990863 -0.097300 0.000000 0.000000 0.000000 1.000000
0.996314 0.033107 0.079129 0.000200 -0.024337 0.993707 -0.109333 10.849300 -0.082251 0.107005 0.990851 -0.097300 0.000000 0.000000 0.000000 1.000000
0.996294 0.032213 0.079753 0.000200 -0.023393 0.993750 -0.109150 10.849300 -0.082770 0.106880 0.990821 -0.097300 0.000000 0.000000 0.000000 1.000000
0.996260 0.030782 0.080734 0.000200 -0.021885 0.993816 -0.108863 10.849300 -0.083586 0.106689 0.990773 -0.097300 0.000000 0.000000 0.000000 1.000000
0.996219 0.029010 0.081888 0.000200 -0.020038 0.993912 -0.108339 10.849300 -0.084532 0.106289 0.990736 -0.097300 0.000000 0.000000 0.000000 1.000000
0.996179 0.027305 0.082953 0.000200 -0.018294 0.994036 -0.107509 10.849300 -0.085394 0.105581 0.990737 -0.097300 0.000000 0.000000 0.000000 1.000000
0.996162 0.025736 0.083658 0.000200 -0.016754 0.994188 -0.106346 10.849300 -0.085908 0.104536 0.990804 -0.097300 0.000000 0.000000 0.000000 1.000000
0.996187 0.024300 0.083787 0.000200 -0.015437 0.994368 -0.104849 10.849300 -0.085863 0.103155 0.990952 -0.097300 0.000000 0.000000 0.000000 1.000000
0.996256 0.022686 0.083423 0.000200 -0.014016 0.994574 -0.103081 10.849300 -0.085309 0.101526 0.991168 -0.097300 0.000000 0.000000 0.000000 1.000000
0.996373 0.019217 0.082896 0.000200 -0.010776 0.994818 -0.101097 10.849300 -0.084409 0.099837 0.991417 -0.097300 0.000000 0.000000 0.000000 1.000000</float_array><technique_common><accessor source="#Spine-Matrix-animation-output-transform-array" count="32" stride="16"><param type="float4x4"/></accessor></technique_common></source><source id="Spine-Interpolations"><Name_array id="Spine-Interpolations-array" count="32">
 LINEAR LINEAR LINEAR LINEAR LINEAR LINEAR LINEAR LINEAR LINEAR LINEAR LINEAR
LINEAR LINEAR LINEAR LINEAR LINEAR LINEAR LINEAR LINEAR LINEAR LINEAR LINEAR LINEAR
LINEAR LINEAR LINEAR LINEAR LINEAR LINEAR LINEAR LINEAR LINEAR</Name_array><technique_common><accessor source="#Spine-Interpolations-array" count="32"><param type="name"/></accessor></technique_common></source><sampler id="Spine-Matrix-animation-transform"><input semantic="INPUT" source="#Spine-Matrix-animation-input"/><input semantic="OUTPUT" source="#Spine-Matrix-animation-output-transform"/><input semantic="INTERPOLATION" source="#Spine-Interpolations"/></sampler><channel source="#Spine-Matrix-animation-transform" target="Spine/matrix"/></animation>
    <animation id="Spine1-anim" name="Spine1"><source id="Spine1-Matrix-animation-input"><float_array id="Spine1-Matrix-animation-input-array" count="32">

0.000000 0.033333 0.066667 0.100000 0.133333 0.166667 0.200000 0.233333 0.266667 0.300000 0.333333 0.366667 0.400000 0.433333 0.466667 0.500000
0.533333 0.566667 0.600000 0.633333 0.666667 0.700000 0.733333 0.766667 0.800000 0.833333 0.866667 0.900000 0.933333 0.966667 1.000000 1.033333</float_array><technique_common><accessor source="#Spine1-Matrix-animation-input-array" count="32"><param name="TIME" type="float"/></accessor></technique_common></source><source id="Spine1-Matrix-animation-output-transform"><float_array id="Spine1-Matrix-animation-output-transform-array" count="512">

0.986155 0.053132 0.157083 0.000000 -0.020481 0.979053 -0.202574 12.657500 -0.164556 0.196552 0.966586 -0.113600 0.000000 0.000000 0.000000 1.000000
0.985990 0.053820 0.157885 0.000000 -0.021041 0.979087 -0.202352 12.657500 -0.165474 0.196195 0.966502 -0.113600 0.000000 0.000000 0.000000 1.000000
0.985855 0.052544 0.159150 0.000000 -0.019791 0.979439 -0.200770 12.657500 -0.166427 0.194780 0.966624 -0.113600 0.000000 0.000000 0.000000 1.000000
0.985762 0.049946 0.160558 0.000000 -0.017239 0.979855 -0.198967 12.657500 -0.167261 0.193366 0.966764 -0.113600 0.000000 0.000000 0.000000 1.000000
0.985730 0.047342 0.161541 0.000000 -0.014632 0.980103 -0.197950 12.657500 -0.167698 0.192762 0.966809 -0.113600 0.000000 0.000000 0.000000 1.000000
0.985775 0.045852 0.161698 0.000000 -0.013118 0.980123 -0.197956 12.657500 -0.167560 0.193018 0.966782 -0.113600 0.000000 0.000000 0.000000 1.000000
0.985890 0.045528 0.161083 0.000000 -0.012801 0.979991 -0.198630 12.657500 -0.166903 0.193765 0.966746 -0.113600 0.000000 0.000000 0.000000 1.000000
0.986057 0.045783 0.159988 -0.000000 -0.013083 0.979762 -0.199737 12.657500 -0.165895 0.194859 0.966700 -0.113600 0.000000 0.000000 0.000000 1.000000
0.986255 0.046284 0.158614 -0.000000 -0.013584 0.979428 -0.201334 12.657500 -0.164670 0.196413 0.966595 -0.113600 0.000000 0.000000 0.000000 1.000000
0.986486 0.047027 0.156950 0.000000 -0.014292 0.978971 -0.203496 12.657500 -0.163220 0.198503 0.966414 -0.113600 0.000000 0.000000 0.000000 1.000000
0.986786 0.047821 0.154813 0.000000 -0.015082 0.978415 -0.206097 12.657500 -0.161328 0.201039 0.966207 -0.113600 0.000000 0.000000 0.000000 1.000000
0.987181 0.048333 0.152108 0.000000 -0.015705 0.977835 -0.208785 12.657500 -0.158827 0.203720 0.966060 -0.113600 0.000000 0.000000 0.000000 1.000000
0.987597 0.048649 0.149282 0.000000 -0.016234 0.977329 -0.211101 12.657500 -0.156168 0.206060 0.965997 -0.113600 0.000000 0.000000 0.000000 1.000000
0.987843 0.049249 0.147450 -0.000000 -0.016959 0.976971 -0.212696 12.657500 -0.154529 0.207610 0.965929 -0.113600 0.000000 0.000000 0.000000 1.000000
0.987755 0.050270 0.147690 0.000000 -0.017792 0.976786 -0.213476 12.657500 -0.154993 0.208234 0.965720 -0.113600 0.000000 0.000000 0.000000 1.000000
0.987346 0.051234 0.150077 0.000000 -0.018223 0.976759 -0.213564 12.657500 -0.157531 0.208126 0.965333 -0.113600 0.000000 0.000000 0.000000 1.000000
0.986789 0.051765 0.153516 0.000000 -0.018067 0.976831 -0.213250 12.657500 -0.160998 0.207659 0.964861 -0.113600 0.000000 0.000000 0.000000 1.000000
0.986283 0.052282 0.156564 -0.000000 -0.017972 0.976886 -0.213004 12.657500 -0.164081 0.207269 0.964426 -0.113600 0.000000 0.000000 0.000000 1.000000
0.985932 0.053606 0.158318 -0.000000 -0.018848 0.976791 -0.213362 12.657500 -0.166081 0.207376 0.964060 -0.113600 0.000000 0.000000 0.000000 1.000000
0.985755 0.055830 0.158650 -0.000000 -0.020782 0.976500 -0.214511 12.657500 -0.166898 0.208158 0.963751 -0.113600 0.000000 0.000000 0.000000 1.000000
0.985746 0.057978 0.157935 0.000000 -0.022809 0.976132 -0.215977 12.657500 -0.166687 0.209296 0.963541 -0.113600 0.000000 0.000000 0.000000 1.000000
0.985870 0.059063 0.156754 0.000000 -0.023962 0.975879 -0.216995 12.657500 -0.165789 0.210172 0.963505 -0.113600 0.000000 0.000000 0.000000 1.000000
0.986038 0.059148 0.155664 -0.000000 -0.024235 0.975812 -0.217265 12.657500 -0.164750 0.210459 0.963621 -0.113600 0.000000 0.000000 0.000000 1.000000
0.986148 0.058953 0.155037 -0.000000 -0.024204 0.975848 -0.217107 12.657500 -0.164092 0.210348 0.963757 -0.113600 0.000000 0.000000 0.000000 1.000000
0.986162 0.058690 0.155046 -0.000000 -0.023983 0.975907 -0.216864 12.657500 -0.164039 0.210144 0.963811 -0.113600 0.000000 0.000000 0.000000 1.000000
0.986098 0.057837 0.155771 0.000000 -0.023058 0.976027 -0.216426 12.657500 -0.164554 0.209825 0.963792 -0.113600 0.000000 0.000000 0.000000 1.000000
0.985987 0.056098 0.157107 0.000000 -0.021213 0.976280 -0.215468 12.657500 -0.165467 0.209116 0.963790 -0.113600 0.000000 0.000000 0.000000 1.000000
0.985869 0.054078 0.158551 0.000000 -0.019178 0.976674 -0.213870 12.657500 -0.166419 0.207808 0.963909 -0.113600 0.000000 0.000000 0.000000 1.000000
0.985807 0.052730 0.159385 0.000000 -0.018042 0.977170 -0.211691 12.657500 -0.166908 0.205810 0.964253 -0.113600 0.000000 0.000000 0.000000 1.000000
0.985851 0.052399 0.159225 0.000000 -0.018218 0.977752 -0.208970 12.657500 -0.166632 0.203113 0.964872 -0.113600 0.000000 0.000000 0.000000 1.000000
0.985984 0.052704 0.158298 0.000000 -0.019253 0.978398 -0.205831 12.657500 -0.165727 0.199898 0.965699 -0.113600 0.000000 0.000000 0.000000 1.000000
0.986155 0.053132 0.157083 0.000000 -0.020481 0.979053 -0.202574 12.657500 -0.164556 0.196552 0.966586 -0.113600 0.000000 0.000000 0.000000 1.000000</float_array><technique_common><accessor source="#Spine1-Matrix-animation-output-transform-array" count="32" stride="16"><param type="float4x4"/></accessor></technique_common></source><source id="Spine1-Interpolations"><Name_array id="Spine1-Interpolations-array" count="32">
 LINEAR LINEAR LINEAR LINEAR LINEAR LINEAR LINEAR LINEAR LINEAR LINEAR LINEAR
LINEAR LINEAR LINEAR LINEAR LINEAR LINEAR LINEAR LINEAR LINEAR LINEAR LINEAR LINEAR
LINEAR LINEAR LINEAR LINEAR LINEAR LINEAR LINEAR LINEAR LINEAR</Name_array><technique_common><accessor source="#Spine1-Interpolations-array" count="32"><param type="name"/></accessor></technique_common></source><sampler id="Spine1-Matrix-animation-transform"><input semantic="INPUT" source="#Spine1-Matrix-animation-input"/><input semantic="OUTPUT" source="#Spine1-Matrix-animation-output-transform"/><input semantic="INTERPOLATION" source="#Spine1-Interpolations"/></sampler><channel source="#Spine1-Matrix-animation-transform" target="Spine1/matrix"/></animation>
    <animation id="Spine2-anim" name="Spine2"><source id="Spine2-Matrix-animation-input"><float_array id="Spine2-Matrix-animation-input-array" count="32">

0.000000 0.033333 0.066667 0.100000 0.133333 0.166667 0.200000 0.233333 0.266667 0.300000 0.333333 0.366667 0.400000 0.433333 0.466667 0.500000
0.533333 0.566667 0.600000 0.633333 0.666667 0.700000 0.733333 0.766667 0.800000 0.833333 0.866667 0.900000 0.933333 0.966667 1.000000 1.033333</float_array><technique_common><accessor source="#Spine2-Matrix-animation-input-array" count="32"><param name="TIME" type="float"/></accessor></technique_common></source><source id="Spine2-Matrix-animation-output-transform"><float_array id="Spine2-Matrix-animation-output-transform-array" count="512">

0.986155 0.053132 0.157083 0.000000 -0.020481 0.979053 -0.202574 14.465700 -0.164556 0.196552 0.966586 -0.129800 0.000000 0.000000 0.000000 1.000000
0.985990 0.053820 0.157885 0.000000 -0.021041 0.979087 -0.202352 14.465700 -0.165474 0.196195 0.966502 -0.129800 0.000000 0.000000 0.000000 1.000000
0.985855 0.052544 0.159150 0.000000 -0.019791 0.979438 -0.200770 14.465700 -0.166427 0.194780 0.966624 -0.129800 0.000000 0.000000 0.000000 1.000000
0.985762 0.049946 0.160558 0.000000 -0.017239 0.979855 -0.198967 14.465700 -0.167261 0.193366 0.966764 -0.129800 0.000000 0.000000 0.000000 1.000000
0.985730 0.047342 0.161541 0.000000 -0.014631 0.980103 -0.197950 14.465700 -0.167698 0.192762 0.966809 -0.129800 0.000000 0.000000 0.000000 1.000000
0.985775 0.045852 0.161698 0.000000 -0.013118 0.980123 -0.197956 14.465700 -0.167561 0.193018 0.966782 -0.129800 0.000000 0.000000 0.000000 1.000000
0.985890 0.045528 0.161083 0.000000 -0.012801 0.979991 -0.198630 14.465700 -0.166903 0.193765 0.966746 -0.129800 0.000000 0.000000 0.000000 1.000000
0.986057 0.045783 0.159988 0.000000 -0.013083 0.979762 -0.199738 14.465700 -0.165895 0.194859 0.966700 -0.129800 0.000000 0.000000 0.000000 1.000000
0.986255 0.046284 0.158614 0.000000 -0.013584 0.979428 -0.201334 14.465700 -0.164669 0.196412 0.966595 -0.129800 0.000000 0.000000 0.000000 1.000000
0.986486 0.047027 0.156950 -0.000000 -0.014292 0.978971 -0.203496 14.465700 -0.163219 0.198503 0.966414 -0.129800 0.000000 0.000000 0.000000 1.000000
0.986786 0.047821 0.154813 0.000000 -0.015082 0.978415 -0.206097 14.465700 -0.161328 0.201039 0.966207 -0.129800 0.000000 0.000000 0.000000 1.000000
0.987181 0.048333 0.152108 0.000000 -0.015705 0.977835 -0.208785 14.465700 -0.158827 0.203720 0.966060 -0.129800 0.000000 0.000000 0.000000 1.000000
0.987597 0.048649 0.149282 0.000000 -0.016234 0.977329 -0.211101 14.465700 -0.156168 0.206059 0.965997 -0.129800 0.000000 0.000000 0.000000 1.000000
0.987843 0.049249 0.147450 -0.000000 -0.016959 0.976971 -0.212696 14.465700 -0.154529 0.207610 0.965929 -0.129800 0.000000 0.000000 0.000000 1.000000
0.987755 0.050270 0.147690 0.000000 -0.017792 0.976786 -0.213476 14.465700 -0.154993 0.208234 0.965720 -0.129800 0.000000 0.000000 0.000000 1.000000
0.987346 0.051234 0.150077 0.000000 -0.018223 0.976759 -0.213563 14.465700 -0.157531 0.208126 0.965333 -0.129800 0.000000 0.000000 0.000000 1.000000
0.986789 0.051765 0.153516 -0.000000 -0.018067 0.976831 -0.213250 14.465700 -0.160998 0.207659 0.964861 -0.129800 0.000000 0.000000 0.000000 1.000000
0.986283 0.052282 0.156564 -0.000000 -0.017972 0.976886 -0.213005 14.465700 -0.164081 0.207269 0.964426 -0.129800 0.000000 0.000000 0.000000 1.000000
0.985932 0.053606 0.158318 -0.000000 -0.018848 0.976791 -0.213362 14.465700 -0.166081 0.207376 0.964060 -0.129800 0.000000 0.000000 0.000000 1.000000
0.985755 0.055830 0.158650 0.000000 -0.020782 0.976500 -0.214511 14.465700 -0.166898 0.208158 0.963751 -0.129800 0.000000 0.000000 0.000000 1.000000
0.985746 0.057978 0.157935 0.000000 -0.022809 0.976132 -0.215977 14.465700 -0.166687 0.209296 0.963541 -0.129800 0.000000 0.000000 0.000000 1.000000
0.985870 0.059063 0.156754 0.000000 -0.023962 0.975879 -0.216994 14.465700 -0.165789 0.210172 0.963505 -0.129800 0.000000 0.000000 0.000000 1.000000
0.986038 0.059148 0.155665 0.000000 -0.024235 0.975812 -0.217265 14.465700 -0.164750 0.210459 0.963621 -0.129800 0.000000 0.000000 0.000000 1.000000
0.986148 0.058953 0.155038 0.000000 -0.024204 0.975848 -0.217108 14.465700 -0.164092 0.210348 0.963757 -0.129800 0.000000 0.000000 0.000000 1.000000
0.986162 0.058690 0.155046 0.000000 -0.023983 0.975907 -0.216864 14.465700 -0.164039 0.210144 0.963811 -0.129800 0.000000 0.000000 0.000000 1.000000
0.986099 0.057837 0.155771 0.000000 -0.023058 0.976027 -0.216426 14.465700 -0.164554 0.209825 0.963792 -0.129800 0.000000 0.000000 0.000000 1.000000
0.985987 0.056098 0.157106 -0.000000 -0.021213 0.976280 -0.215468 14.465700 -0.165467 0.209116 0.963790 -0.129800 0.000000 0.000000 0.000000 1.000000
0.985869 0.054078 0.158551 0.000000 -0.019178 0.976674 -0.213871 14.465700 -0.166419 0.207808 0.963909 -0.129800 0.000000 0.000000 0.000000 1.000000
0.985807 0.052730 0.159384 -0.000000 -0.018042 0.977170 -0.211690 14.465700 -0.166908 0.205810 0.964253 -0.129800 0.000000 0.000000 0.000000 1.000000
0.985851 0.052399 0.159225 0.000000 -0.018218 0.977752 -0.208970 14.465700 -0.166633 0.203113 0.964872 -0.129800 0.000000 0.000000 0.000000 1.000000
0.985984 0.052704 0.158298 0.000000 -0.019253 0.978398 -0.205831 14.465700 -0.165727 0.199898 0.965699 -0.129800 0.000000 0.000000 0.000000 1.000000
0.986155 0.053132 0.157083 0.000000 -0.020481 0.979053 -0.202574 14.465700 -0.164555 0.196552 0.966586 -0.129800 0.000000 0.000000 0.000000 1.000000</float_array><technique_common><accessor source="#Spine2-Matrix-animation-output-transform-array" count="32" stride="16"><param type="float4x4"/></accessor></technique_common></source><source id="Spine2-Interpolations"><Name_array id="Spine2-Interpolations-array" count="32">
 LINEAR LINEAR LINEAR LINEAR LINEAR LINEAR LINEAR LINEAR LINEAR LINEAR LINEAR
LINEAR LINEAR LINEAR LINEAR LINEAR LINEAR LINEAR LINEAR LINEAR LINEAR LINEAR LINEAR
LINEAR LINEAR LINEAR LINEAR LINEAR LINEAR LINEAR LINEAR LINEAR</Name_array><technique_common><accessor source="#Spine2-Interpolations-array" count="32"><param type="name"/></accessor></technique_common></source><sampler id="Spine2-Matrix-animation-transform"><input semantic="INPUT" source="#Spine2-Matrix-animation-input"/><input semantic="OUTPUT" source="#Spine2-Matrix-animation-output-transform"/><input semantic="INTERPOLATION" source="#Spine2-Interpolations"/></sampler><channel source="#Spine2-Matrix-animation-transform" target="Spine2/matrix"/></animation>
    <animation id="Neck-anim" name="Neck"><source id="Neck-Matrix-animation-input"><float_array id="Neck-Matrix-animation-input-array" count="32">

0.000000 0.033333 0.066667 0.100000 0.133333 0.166667 0.200000 0.233333 0.266667 0.300000 0.333333 0.366667 0.400000 0.433333 0.466667 0.500000
0.533333 0.566667 0.600000 0.633333 0.666667 0.700000 0.733333 0.766667 0.800000 0.833333 0.866667 0.900000 0.933333 0.966667 1.000000 1.033333</float_array><technique_common><accessor source="#Neck-Matrix-animation-input-array" count="32"><param name="TIME" type="float"/></accessor></technique_common></source><source id="Neck-Matrix-animation-output-transform"><float_array id="Neck-Matrix-animation-output-transform-array" count="512">

0.999747 -0.003600 -0.022215 -0.000000 0.005258 0.997169 0.075014 17.773800 0.021883 -0.075111 0.996935 1.014400 0.000000 0.000000 0.000000 1.000000
0.999358 -0.025601 -0.025073 -0.000000 0.027482 0.996594 0.077757 17.773800 0.022997 -0.078396 0.996657 1.014400 0.000000 0.000000 0.000000 1.000000
0.999187 -0.039738 -0.006844 -0.000000 0.040173 0.995662 0.083924 17.773800 0.003480 -0.084131 0.996449 1.014400 0.000000 0.000000 0.000000 1.000000
0.998329 -0.049278 0.030170 0.000000 0.046342 0.994746 0.091283 17.773800 -0.034509 -0.089733 0.995368 1.014400 0.000000 0.000000 0.000000 1.000000
0.994966 -0.059218 0.080842 -0.000000 0.051244 0.993928 0.097375 17.773800 -0.086117 -0.092742 0.991959 1.014400 0.000000 0.000000 0.000000 1.000000
0.987559 -0.072413 0.139583 -0.000000 0.058257 0.992977 0.102968 17.773800 -0.146059 -0.093555 0.984842 1.014400 0.000000 0.000000 0.000000 1.000000
0.975419 -0.087118 0.202408 0.000000 0.065537 0.991658 0.110991 17.773800 -0.210389 -0.094998 0.972991 1.014400 0.000000 0.000000 0.000000 1.000000
0.959041 -0.099602 0.265179 0.000000 0.069148 0.990141 0.121821 17.773800 -0.274698 -0.098494 0.956472 1.014400 0.000000 0.000000 0.000000 1.000000
0.940346 -0.107882 0.322663 0.000000 0.068079 0.988879 0.132228 17.773800 -0.333339 -0.102373 0.937232 1.014400 0.000000 0.000000 0.000000 1.000000
0.922326 -0.112718 0.369608 0.000000 0.064932 0.988118 0.139310 17.773800 -0.380919 -0.104490 0.918685 1.014400 0.000000 0.000000 0.000000 1.000000
0.908002 -0.116165 0.402541 0.000000 0.062823 0.987681 0.143315 17.773800 -0.414230 -0.104841 0.904114 1.014400 0.000000 0.000000 0.000000 1.000000
0.899306 -0.119786 0.420594 0.000000 0.063334 0.987290 0.145763 17.773800 -0.432709 -0.104448 0.895463 1.014400 0.000000 0.000000 0.000000 1.000000
0.896881 -0.123558 0.424663 -0.000000 0.066920 0.987041 0.145852 17.773800 -0.437181 -0.102393 0.893526 1.014400 0.000000 0.000000 0.000000 1.000000
0.900285 -0.125635 0.416777 0.000000 0.073134 0.987490 0.139694 17.773800 -0.429113 -0.095284 0.898211 1.014400 0.000000 0.000000 0.000000 1.000000
0.907932 -0.123248 0.400587 0.000000 0.079510 0.989079 0.124098 17.773800 -0.411507 -0.080822 0.907816 1.014400 0.000000 0.000000 0.000000 1.000000
0.917632 -0.114679 0.380525 -0.000000 0.081642 0.991438 0.101911 17.773800 -0.388954 -0.062450 0.919138 1.014400 0.000000 0.000000 0.000000 1.000000
0.927710 -0.101146 0.359337 0.000000 0.076312 0.993650 0.082676 17.773800 -0.365418 -0.049278 0.929538 1.014400 0.000000 0.000000 0.000000 1.000000
0.937374 -0.086383 0.337444 0.000000 0.064489 0.995052 0.075585 17.773800 -0.342303 -0.049090 0.938306 1.014400 0.000000 0.000000 0.000000 1.000000
0.946318 -0.073281 0.314821 -0.000000 0.050262 0.995476 0.080633 17.773800 -0.319306 -0.060480 0.945720 1.014400 0.000000 0.000000 0.000000 1.000000
0.954351 -0.061588 0.292268 0.000000 0.037344 0.995436 0.087822 17.773800 -0.296342 -0.072899 0.952296 1.014400 0.000000 0.000000 0.000000 1.000000
0.961461 -0.050171 0.270325 0.000000 0.027620 0.995861 0.086593 17.773800 -0.273550 -0.075790 0.958867 1.014400 0.000000 0.000000 0.000000 1.000000
0.967985 -0.040080 0.247786 0.000000 0.021920 0.996896 0.075619 17.773800 -0.250047 -0.067767 0.965859 1.014400 0.000000 0.000000 0.000000 1.000000
0.974273 -0.033171 0.222915 0.000000 0.019781 0.997878 0.062037 17.773800 -0.224499 -0.056031 0.972862 1.014400 0.000000 0.000000 0.000000 1.000000
0.980253 -0.028310 0.195712 -0.000000 0.018438 0.998473 0.052082 17.773800 -0.196888 -0.047445 0.979277 1.014400 0.000000 0.000000 0.000000 1.000000
0.985650 -0.021461 0.167434 0.000000 0.014068 0.998878 0.045216 17.773800 -0.168217 -0.042212 0.984846 1.014400 0.000000 0.000000 0.000000 1.000000
0.990279 -0.010172 0.138723 0.000000 0.004937 0.999264 0.038028 17.773800 -0.139008 -0.036974 0.989601 1.014400 0.000000 0.000000 0.000000 1.000000
0.993972 0.003726 0.109574 0.000000 -0.007199 0.999484 0.031311 17.773800 -0.109401 -0.031911 0.993485 1.014400 0.000000 0.000000 0.000000 1.000000
0.996610 0.015957 0.080706 -0.000000 -0.018468 0.999365 0.030459 17.773800 -0.080169 -0.031847 0.996272 1.014400 0.000000 0.000000 0.000000 1.000000
0.998317 0.022691 0.053366 0.000000 -0.024781 0.998939 0.038829 17.773800 -0.052428 -0.040086 0.997820 1.014400 0.000000 0.000000 0.000000 1.000000
0.999383 0.021604 0.027703 0.000000 -0.023054 0.998321 0.053135 17.773800 -0.026508 -0.053741 0.998203 1.014400 0.000000 0.000000 0.000000 1.000000
0.999920 0.012390 0.002726 0.000000 -0.012544 0.997693 0.066718 17.773800 -0.001893 -0.066746 0.997768 1.014400 0.000000 0.000000 0.000000 1.000000
0.999747 -0.003600 -0.022215 0.000000 0.005257 0.997169 0.075013 17.773800 0.021882 -0.075111 0.996935 1.014400 0.000000 0.000000 0.000000 1.000000</float_array><technique_common><accessor source="#Neck-Matrix-animation-output-transform-array" count="32" stride="16"><param type="float4x4"/></accessor></technique_common></source><source id="Neck-Interpolations"><Name_array id="Neck-Interpolations-array" count="32">
 LINEAR LINEAR LINEAR LINEAR LINEAR LINEAR LINEAR LINEAR LINEAR LINEAR LINEAR
LINEAR LINEAR LINEAR LINEAR LINEAR LINEAR LINEAR LINEAR LINEAR LINEAR LINEAR LINEAR
LINEAR LINEAR LINEAR LINEAR LINEAR LINEAR LINEAR LINEAR LINEAR</Name_array><technique_common><accessor source="#Neck-Interpolations-array" count="32"><param type="name"/></accessor></technique_common></source><sampler id="Neck-Matrix-animation-transform"><input semantic="INPUT" source="#Neck-Matrix-animation-input"/><input semantic="OUTPUT" source="#Neck-Matrix-animation-output-transform"/><input semantic="INTERPOLATION" source="#Neck-Interpolations"/></sampler><channel source="#Neck-Matrix-animation-transform" target="Neck/matrix"/></animation>
    <animation id="Head-anim" name="Head"><source id="Head-Matrix-animation-input"><float_array id="Head-Matrix-animation-input-array" count="32">

0.000000 0.033333 0.066667 0.100000 0.133333 0.166667 0.200000 0.233333 0.266667 0.300000 0.333333 0.366667 0.400000 0.433333 0.466667 0.500000
0.533333 0.566667 0.600000 0.633333 0.666667 0.700000 0.733333 0.766667 0.800000 0.833333 0.866667 0.900000 0.933333 0.966667 1.000000 1.033333</float_array><technique_common><accessor source="#Head-Matrix-animation-input-array" count="32"><param name="TIME" type="float"/></accessor></technique_common></source><source id="Head-Matrix-animation-output-transform"><float_array id="Head-Matrix-animation-output-transform-array" count="512">

0.937032 0.006168 0.349190 0.000000 -0.044691 0.993742 0.102371 10.855400 -0.346374 -0.111530 0.931443 4.482600 0.000000 0.000000 0.000000 1.000000
0.937217 0.010321 0.348594 0.000000 -0.044420 0.994954 0.089967 10.855400 -0.345906 -0.099804 0.932946 4.482600 0.000000 0.000000 0.000000 1.000000
0.936499 0.008754 0.350561 0.000000 -0.034533 0.997131 0.067352 10.855400 -0.348966 -0.075181 0.934115 4.482600 0.000000 0.000000 0.000000 1.000000
0.933764 0.006436 0.357831 -0.000000 -0.022583 0.998905 0.040963 10.855400 -0.357176 -0.046331 0.932887 4.482600 0.000000 0.000000 0.000000 1.000000
0.928063 0.008252 0.372332 0.000000 -0.015314 0.999754 0.016014 10.855400 -0.372108 -0.020564 0.927962 4.482600 0.000000 0.000000 0.000000 1.000000
0.919315 0.015074 0.393234 0.000000 -0.012575 0.999881 -0.008930 10.855400 -0.393322 0.003265 0.919395 4.482600 0.000000 0.000000 0.000000 1.000000
0.908456 0.023898 0.417298 0.000000 -0.008408 0.999207 -0.038920 10.855400 -0.417897 0.031848 0.907936 4.482600 0.000000 0.000000 0.000000 1.000000
0.896766 0.031914 0.441352 0.000000 0.000753 0.997284 -0.073642 10.855400 -0.442504 0.066372 0.894307 4.482600 0.000000 0.000000 0.000000 1.000000
0.884791 0.039092 0.464346 -0.000000 0.011534 0.994332 -0.105689 10.855400 -0.465846 0.098868 0.879325 4.482600 0.000000 0.000000 0.000000 1.000000
0.872354 0.047683 0.486543 0.000000 0.017043 0.991661 -0.127744 10.855400 -0.488577 0.119731 0.864267 4.482600 0.000000 0.000000 0.000000 1.000000
0.859360 0.059773 0.507865 0.000000 0.013389 0.990174 -0.139195 10.855400 -0.511195 0.126418 0.850116 4.482600 0.000000 0.000000 0.000000 1.000000
0.846332 0.075362 0.527298 0.000000 0.002275 0.989420 -0.145060 10.855400 -0.532651 0.123968 0.837206 4.482600 0.000000 0.000000 0.000000 1.000000
0.834415 0.092735 0.543279 -0.000000 -0.012734 0.988723 -0.149212 10.855400 -0.550989 0.117587 0.826187 4.482600 0.000000 0.000000 0.000000 1.000000
0.824451 0.110175 0.555106 0.000000 -0.031339 0.988250 -0.149598 10.855400 -0.565065 0.105939 0.818217 4.482600 0.000000 0.000000 0.000000 1.000000
0.816079 0.126534 0.563919 0.000000 -0.055895 0.988445 -0.140900 10.855400 -0.575231 0.083465 0.813721 4.482600 0.000000 0.000000 0.000000 1.000000
0.808464 0.140431 0.571546 0.000000 -0.085663 0.988852 -0.121792 10.855400 -0.582278 0.049504 0.811481 4.482600 0.000000 0.000000 0.000000 1.000000
0.801840 0.150399 0.578302 0.000000 -0.114647 0.988548 -0.098128 10.855400 -0.586437 0.012383 0.809900 4.482600 0.000000 0.000000 0.000000 1.000000
0.797416 0.156381 0.582814 -0.000000 -0.137093 0.987529 -0.077403 10.855400 -0.587651 -0.018177 0.808911 4.482600 0.000000 0.000000 0.000000 1.000000
0.795732 0.159800 0.584188 -0.000000 -0.153223 0.986302 -0.061088 10.855400 -0.585947 -0.040901 0.809316 4.482600 0.000000 0.000000 0.000000 1.000000
0.796483 0.161677 0.582645 0.000000 -0.167039 0.984925 -0.044961 10.855400 -0.581131 -0.061514 0.811482 4.482600 0.000000 0.000000 0.000000 1.000000
0.799867 0.161544 0.578027 -0.000000 -0.179552 0.983395 -0.026372 10.855400 -0.572689 -0.082692 0.815591 4.482600 0.000000 0.000000 0.000000 1.000000
0.806816 0.158065 0.569265 0.000000 -0.187046 0.982321 -0.007657 10.855400 -0.560412 -0.100301 0.822118 4.482600 0.000000 0.000000 0.000000 1.000000
0.817731 0.149874 0.555746 -0.000000 -0.185976 0.982516 0.008681 10.855400 -0.544728 -0.110454 0.831307 4.482600 0.000000 0.000000 0.000000 1.000000
0.831754 0.136104 0.538201 -0.000000 -0.177184 0.983860 0.025021 10.855400 -0.526109 -0.116172 0.842445 4.482600 0.000000 0.000000 0.000000 1.000000
0.847639 0.117208 0.517466 -0.000000 -0.164500 0.985290 0.046289 10.855400 -0.504428 -0.124360 0.854451 4.482600 0.000000 0.000000 0.000000 1.000000
0.864567 0.095124 0.493431 -0.000000 -0.150200 0.985949 0.073102 10.855400 -0.479544 -0.137315 0.866707 4.482600 0.000000 0.000000 0.000000 1.000000
0.881872 0.071928 0.465970 0.000000 -0.132842 0.986162 0.099183 10.855400 -0.452388 -0.149367 0.879224 4.482600 0.000000 0.000000 0.000000 1.000000
0.898457 0.048861 0.436334 0.000000 -0.110136 0.987095 0.116247 10.855400 -0.425023 -0.152499 0.892244 4.482600 0.000000 0.000000 0.000000 1.000000
0.912814 0.027676 0.407438 0.000000 -0.083888 0.989132 0.120753 10.855400 -0.399668 -0.144404 0.905215 4.482600 0.000000 0.000000 0.000000 1.000000
0.923859 0.011936 0.382548 0.000000 -0.060821 0.991391 0.115951 10.855400 -0.377870 -0.130389 0.916631 4.482600 0.000000 0.000000 0.000000 1.000000
0.931697 0.004672 0.363206 0.000000 -0.047164 0.993009 0.108210 10.855400 -0.360161 -0.117949 0.925404 4.482600 0.000000 0.000000 0.000000 1.000000
0.937032 0.006168 0.349190 -0.000000 -0.044691 0.993742 0.102370 10.855400 -0.346374 -0.111530 0.931443 4.482600 0.000000 0.000000 0.000000 1.000000</float_array><technique_common><accessor source="#Head-Matrix-animation-output-transform-array" count="32" stride="16"><param type="float4x4"/></accessor></technique_common></source><source id="Head-Interpolations"><Name_array id="Head-Interpolations-array" count="32">
 LINEAR LINEAR LINEAR LINEAR LINEAR LINEAR LINEAR LINEAR LINEAR LINEAR LINEAR
LINEAR LINEAR LINEAR LINEAR LINEAR LINEAR LINEAR LINEAR LINEAR LINEAR LINEAR LINEAR
LINEAR LINEAR LINEAR LINEAR LINEAR LINEAR LINEAR LINEAR LINEAR</Name_array><technique_common><accessor source="#Head-Interpolations-array" count="32"><param type="name"/></accessor></technique_common></source><sampler id="Head-Matrix-animation-transform"><input semantic="INPUT" source="#Head-Matrix-animation-input"/><input semantic="OUTPUT" source="#Head-Matrix-animation-output-transform"/><input semantic="INTERPOLATION" source="#Head-Interpolations"/></sampler><channel source="#Head-Matrix-animation-transform" target="Head/matrix"/></animation>
    <animation id="LeftShoulder-anim" name="LeftShoulder"><source id="LeftShoulder-Matrix-animation-input"><float_array id="LeftShoulder-Matrix-animation-input-array" count="32">

0.000000 0.033333 0.066667 0.100000 0.133333 0.166667 0.200000 0.233333 0.266667 0.300000 0.333333 0.366667 0.400000 0.433333 0.466667 0.500000
