<?xml version="1.0" encoding="utf-8"?>
<COLLADA xmlns="http://www.collada.org/2005/11/COLLADASchema" version="1.4.1">
  <asset><contributor><author>Mixamo</author><authoring_tool>COLLADA Mixamo exporter</authoring_tool><comments></comments></contributor><created>2018-10-30T17:17:32Z</created><modified>2018-10-30T17:17:32Z</modified><revision></revision><title></title><unit meter="0.010000"/><up_axis>Y_UP</up_axis></asset>
  <library_animations>
    <animation id="Hips-anim" name="Hips"><source id="Hips-Matrix-animation-input"><float_array id="Hips-Matrix-animation-input-array" count="32">

0.000000 0.033333 0.066667 0.100000 0.133333 0.166667 0.200000 0.233333 0.266667 0.300000 0.333333 0.366667 0.400000 0.433333 0.466667 0.500000
0.533333 0.566667 0.600000 0.633333 0.666667 0.700000 0.733333 0.766667 0.800000 0.833333 0.866667 0.900000 0.933333 0.966667 1.000000 1.033333</float_array><technique_common><accessor source="#Hips-Matrix-animation-input-array" count="32"><param name="TIME" type="float"/></accessor></technique_common></source><source id="Hips-Matrix-animation-output-transform"><float_array id="Hips-Matrix-animation-output-transform-array" count="512">

0.727924 0.053457 -0.683570 -0.342822 -0.000432 0.996992 0.077508 112.854248 0.685657 -0.056125 0.725758 0.368420 0.000000 0.000000 0.000000 1.000000
0.669380 0.056345 -0.740780 0.282568 -0.011491 0.997786 0.065511 112.818916 0.742831 -0.035340 0.668545 1.213707 0.000000 0.000000 0.000000 1.000000
0.604643 0.051182 -0.794850 1.783322 -0.027107 0.998677 0.043686 112.988686 0.796035 -0.004869 0.605231 3.151565 0.000000 0.000000 0.000000 1.000000
0.537073 0.041772 -0.842501 3.648524 -0.045098 0.998767 0.020771 113.285187 0.842330 0.026839 0.538294 5.476503 0.000000 0.000000 0.000000 1.000000
0.469550 0.028474 -0.882447 5.340047 -0.060131 0.998190 0.000213 113.746445 0.880856 0.052962 0.470412 7.582023 0.000000 0.000000 0.000000 1.000000
0.403641 0.011175 -0.914849 6.829710 -0.071051 0.997289 -0.019167 114.368500 0.912155 0.072737 0.403340 9.522670 0.000000 0.000000 0.000000 1.000000
0.340946 -0.006120 -0.940063 8.175363 -0.077277 0.996412 -0.034514 114.591553 0.936901 0.084412 0.339250 11.230834 0.000000 0.000000 0.000000 1.000000
0.282148 -0.023324 -0.959087 9.305045 -0.075921 0.996026 -0.046557 114.361885 0.956362 0.085951 0.279256 12.491792 0.000000 0.000000 0.000000 1.000000
0.226969 -0.038715 -0.973132 10.300649 -0.071769 0.995828 -0.056358 114.125061 0.971254 0.082632 0.223243 13.586840 0.000000 0.000000 0.000000 1.000000
0.174261 -0.051465 -0.983354 11.181044 -0.066702 0.995723 -0.063933 113.976013 0.982438 0.076732 0.170083 14.556005 0.000000 0.000000 0.000000 1.000000
0.121085 -0.062592 -0.990667 11.973305 -0.060584 0.995683 -0.070314 113.953423 0.990792 0.068532 0.116770 15.372849 0.000000 0.000000 0.000000 1.000000
0.065023 -0.073212 -0.995194 12.698908 -0.053644 0.995606 -0.076748 114.079590 0.996441 0.058376 0.060810 16.026627 0.000000 0.000000 0.000000 1.000000
0.005112 -0.083398 -0.996503 13.368859 -0.046950 0.995397 -0.083547 114.347626 0.998884 0.047213 0.001173 16.510897 0.000000 0.000000 0.000000 1.000000
-0.057343 -0.092219 -0.994086 13.993057 -0.042361 0.995053 -0.089865 114.697723 0.997455 0.036958 -0.060966 16.817322 0.000000 0.000000 0.000000 1.000000
-0.120614 -0.097585 -0.987891 14.595750 -0.040009 0.994826 -0.093385 114.955948 0.991893 0.028261 -0.123894 16.911257 0.000000 0.000000 0.000000 1.000000
-0.182307 -0.099466 -0.978198 15.184764 -0.038944 0.994820 -0.093898 114.974335 0.982470 0.020976 -0.185236 16.764235 0.000000 0.000000 0.000000 1.000000
-0.239405 -0.098161 -0.965945 15.742845 -0.039146 0.995043 -0.091416 114.742020 0.970130 0.015927 -0.242061 16.379877 0.000000 0.000000 0.000000 1.000000
-0.289427 -0.094218 -0.952552 16.184595 -0.038808 0.995481 -0.086673 114.301102 0.956413 0.011882 -0.291775 15.786894 0.000000 0.000000 0.000000 1.000000
-0.330977 -0.087665 -0.939558 16.427801 -0.036358 0.996121 -0.080134 113.690796 0.942938 0.007638 -0.332880 15.028605 0.000000 0.000000 0.000000 1.000000
-0.363805 -0.078980 -0.928121 16.210604 -0.031808 0.996871 -0.072363 113.109367 0.930932 0.003195 -0.365179 14.065146 0.000000 0.000000 0.000000 1.000000
-0.388659 -0.067575 -0.918900 15.451164 -0.024754 0.997713 -0.062901 112.739906 0.921049 -0.001701 -0.389442 12.894883 0.000000 0.000000 0.000000 1.000000
-0.407687 -0.052650 -0.911602 14.264154 -0.014874 0.998587 -0.051022 112.612747 0.913000 -0.007242 -0.407894 11.554033 0.000000 0.000000 0.000000 1.000000
-0.424469 -0.034597 -0.904781 12.757959 -0.003693 0.999328 -0.036479 112.670021 0.905435 -0.012143 -0.424311 10.081629 0.000000 0.000000 0.000000 1.000000
-0.442668 -0.014966 -0.896560 11.035503 0.006517 0.999781 -0.019907 112.816345 0.896662 -0.014656 -0.442474 8.530632 0.000000 0.000000 0.000000 1.000000
-0.464679 0.003643 -0.885472 9.177012 0.013371 0.999906 -0.002903 112.957588 0.885378 -0.013189 -0.464685 6.959371 0.000000 0.000000 0.000000 1.000000
-0.490225 0.019465 -0.871379 7.246048 0.015982 0.999783 0.013342 113.036385 0.871450 -0.007386 -0.490430 5.392753 0.000000 0.000000 0.000000 1.000000
-0.518333 0.032965 -0.854543 5.324897 0.015379 0.999454 0.029227 113.026123 0.855041 0.002007 -0.518557 4.100260 0.000000 0.000000 0.000000 1.000000
-0.548283 0.045479 -0.835055 3.539588 0.013906 0.998878 0.045270 112.970428 0.836177 0.013208 -0.548300 2.805802 0.000000 0.000000 0.000000 1.000000
-0.579822 0.057061 -0.812743 1.999553 0.012577 0.998053 0.061098 112.882118 0.814646 0.025204 -0.579410 1.595235 0.000000 0.000000 0.000000 1.000000
-0.612890 0.065899 -0.787415 0.796218 0.010971 0.997130 0.074911 112.769470 0.790092 0.037274 -0.611854 0.591692 0.000000 0.000000 0.000000 1.000000
-0.647319 0.064764 -0.759463 -0.032410 0.006868 0.996839 0.079153 112.790916 0.762188 0.046021 -0.645717 -0.101513 0.000000 0.000000 0.000000 1.000000
-0.683373 0.056294 -0.727896 -0.369477 -0.000428 0.996992 0.077508 112.854172 0.730070 0.053278 -0.681293 -0.341667 0.000000 0.000000 0.000000 1.000000</float_array><technique_common><accessor source="#Hips-Matrix-animation-output-transform-array" count="32" stride="16"><param type="float4x4"/></accessor></technique_common></source><source id="Hips-Interpolations"><Name_array id="Hips-Interpolations-array" count="32">
 LINEAR LINEAR LINEAR LINEAR LINEAR LINEAR LINEAR LINEAR LINEAR LINEAR LINEAR
LINEAR LINEAR LINEAR LINEAR LINEAR LINEAR LINEAR LINEAR LINEAR LINEAR LINEAR LINEAR
LINEAR LINEAR LINEAR LINEAR LINEAR LINEAR LINEAR LINEAR LINEAR</Name_array><technique_common><accessor source="#Hips-Interpolations-array" count="32"><param type="name"/></accessor></technique_common></source><sampler id="Hips-Matrix-animation-transform"><input semantic="INPUT" source="#Hips-Matrix-animation-input"/><input semantic="OUTPUT" source="#Hips-Matrix-animation-output-transform"/><input semantic="INTERPOLATION" source="#Hips-Interpolations"/></sampler><channel source="#Hips-Matrix-animation-transform" target="Hips/matrix"/></animation>
    <animation id="Spine-anim" name="Spine"><source id="Spine-Matrix-animation-input"><float_array id="Spine-Matrix-animation-input-array" count="32">

0.000000 0.033333 0.066667 0.100000 0.133333 0.166667 0.200000 0.233333 0.266667 0.300000 0.333333 0.366667 0.400000 0.433333 0.466667 0.500000
0.533333 0.566667 0.600000 0.633333 0.666667 0.700000 0.733333 0.766667 0.800000 0.833333 0.866667 0.900000 0.933333 0.966667 1.000000 1.033333</float_array><technique_common><accessor source="#Spine-Matrix-animation-input-array" count="32"><param name="TIME" type="float"/></accessor></technique_common></source><source id="Spine-Matrix-animation-output-transform"><float_array id="Spine-Matrix-animation-output-transform-array" count="512">

0.996385 0.018719 0.082868 0.000200 -0.010285 0.994828 -0.101057 10.849300 -0.084331 0.099839 0.991423 -0.097300 0.000000 0.000000 0.000000 1.000000
0.996395 0.015150 0.083468 0.000200 -0.006877 0.995111 -0.098522 10.849300 -0.084552 0.097593 0.991628 -0.097300 0.000000 0.000000 0.000000 1.000000
0.996397 0.009216 0.084312 0.000200 -0.001075 0.995371 -0.096104 10.849300 -0.084808 0.095667 0.991794 -0.097300 0.000000 0.000000 0.000000 1.000000
0.996330 0.002360 0.085557 0.000200 0.005736 0.995531 -0.094260 10.849300 -0.085397 0.094405 0.991864 -0.097300 0.000000 0.000000 0.000000 1.000000
0.996209 -0.003205 0.086929 0.000200 0.011341 0.995577 -0.093260 10.849300 -0.086245 0.093893 0.991840 -0.097300 0.000000 0.000000 0.000000 1.000000
0.996102 -0.006622 0.087965 0.000200 0.014820 0.995568 -0.092873 10.849300 -0.086960 0.093815 0.991785 -0.097300 0.000000 0.000000 0.000000 1.000000
0.996075 -0.006322 0.088285 0.000200 0.014545 0.995578 -0.092809 10.849300 -0.087307 0.093729 0.991762 -0.097300 0.000000 0.000000 0.000000 1.000000
0.996169 -0.000359 0.087443 0.000200 0.008523 0.995628 -0.093015 10.849300 -0.087027 0.093404 0.991817 -0.097300 0.000000 0.000000 0.000000 1.000000
0.996241 0.006326 0.086394 0.000200 0.001756 0.995650 -0.093153 10.849300 -0.086608 0.092954 0.991896 -0.097300 0.000000 0.000000 0.000000 1.000000
0.996265 0.012313 0.085468 0.000200 -0.004299 0.995626 -0.093325 10.849300 -0.086243 0.092609 0.991960 -0.097300 0.000000 0.000000 0.000000 1.000000
0.996253 0.017724 0.084648 0.000200 -0.009763 0.995566 -0.093553 10.849300 -0.085931 0.092377 0.992009 -0.097300 0.000000 0.000000 0.000000 1.000000
0.996223 0.022449 0.083876 0.000200 -0.014549 0.995500 -0.093636 10.849300 -0.085601 0.092062 0.992067 -0.097300 0.000000 0.000000 0.000000 1.000000
0.996199 0.025761 0.083216 0.000200 -0.017932 0.995459 -0.093485 10.849300 -0.085247 0.091638 0.992137 -0.097300 0.000000 0.000000 0.000000 1.000000
0.996205 0.026708 0.082842 0.000200 -0.018926 0.995455 -0.093332 10.849300 -0.084958 0.091410 0.992183 -0.097300 0.000000 0.000000 0.000000 1.000000
0.996232 0.025769 0.082806 0.000200 -0.017969 0.995448 -0.093594 10.849300 -0.084841 0.091754 0.992161 -0.097300 0.000000 0.000000 0.000000 1.000000
0.996267 0.023922 0.082943 0.000200 -0.016038 0.995401 -0.094445 10.849300 -0.084821 0.092762 0.992069 -0.097300 0.000000 0.000000 0.000000 1.000000
0.996312 0.021395 0.083100 0.000200 -0.013393 0.995321 -0.095686 10.849300 -0.084758 0.094220 0.991937 -0.097300 0.000000 0.000000 0.000000 1.000000
0.996361 0.018876 0.083121 0.000200 -0.010755 0.995218 -0.097090 10.849300 -0.084557 0.095842 0.991799 -0.097300 0.000000 0.000000 0.000000 1.000000
0.996403 0.017516 0.082906 0.000200 -0.009289 0.995085 -0.098587 10.849300 -0.084225 0.097462 0.991669 -0.097300 0.000000 0.000000 0.000000 1.000000
0.996442 0.016905 0.082568 0.000200 -0.008582 0.994937 -0.100129 10.849300 -0.083843 0.099064 0.991543 -0.097300 0.000000 0.000000 0.000000 1.000000
0.996483 0.016857 0.082080 0.000200 -0.008444 0.994771 -0.101782 10.849300 -0.083367 0.100731 0.991415 -0.097300 0.000000 0.000000 0.000000 1.000000
0.996519 0.017907 0.081421 0.000200 -0.009404 0.994569 -0.103650 10.849300 -0.082834 0.102524 0.991276 -0.097300 0.000000 0.000000 0.000000 1.000000
0.996525 0.019744 0.080918 0.000200 -0.011128 0.994349 -0.105574 10.849300 -0.082545 0.104307 0.991114 -0.097300 0.000000 0.000000 0.000000 1.000000
0.996491 0.021809 0.080814 0.000200 -0.013070 0.994159 -0.107130 10.849300 -0.082678 0.105698 0.990955 -0.097300 0.000000 0.000000 0.000000 1.000000
0.996436 0.023299 0.081074 0.000200 -0.014468 0.994061 -0.107857 10.849300 -0.083106 0.106299 0.990855 -0.097300 0.000000 0.000000 0.000000 1.000000
0.996396 0.023437 0.081527 0.000200 -0.014575 0.994083 -0.107636 10.849300 -0.083567 0.106060 0.990842 -0.097300 0.000000 0.000000 0.000000 1.000000
0.996381 0.022365 0.082002 0.000200 -0.013521 0.994183 -0.106856 10.849300 -0.083915 0.105361 0.990887 -0.097300 0.000000 0.000000 0.000000 1.000000
0.996378 0.021374 0.082306 0.000200 -0.012568 0.994280 -0.106067 10.849300 -0.084102 0.104649 0.990947 -0.097300 0.000000 0.000000 0.000000 1.000000
0.996377 0.020864 0.082453 0.000200 -0.012100 0.994358 -0.105388 10.849300 -0.084186 0.104008 0.991007 -0.097300 0.000000 0.000000 0.000000 1.000000
0.996373 0.020681 0.082541 0.000200 -0.011983 0.994452 -0.104509 10.849300 -0.084244 0.103141 0.991093 -0.097300 0.000000 0.000000 0.000000 1.000000
0.996375 0.020070 0.082667 0.000200 -0.011481 0.994606 -0.103087 10.849300 -0.084290 0.101764 0.991231 -0.097300 0.000000 0.000000 0.000000 1.000000
0.996385 0.018720 0.082867 0.000200 -0.010286 0.994828 -0.101057 10.849300 -0.084331 0.099839 0.991423 -0.097300 0.000000 0.000000 0.000000 1.000000</float_array><technique_common><accessor source="#Spine-Matrix-animation-output-transform-array" count="32" stride="16"><param type="float4x4"/></accessor></technique_common></source><source id="Spine-Interpolations"><Name_array id="Spine-Interpolations-array" count="32">
 LINEAR LINEAR LINEAR LINEAR LINEAR LINEAR LINEAR LINEAR LINEAR LINEAR LINEAR
LINEAR LINEAR LINEAR LINEAR LINEAR LINEAR LINEAR LINEAR LINEAR LINEAR LINEAR LINEAR
LINEAR LINEAR LINEAR LINEAR LINEAR LINEAR LINEAR LINEAR LINEAR</Name_array><technique_common><accessor source="#Spine-Interpolations-array" count="32"><param type="name"/></accessor></technique_common></source><sampler id="Spine-Matrix-animation-transform"><input semantic="INPUT" source="#Spine-Matrix-animation-input"/><input semantic="OUTPUT" source="#Spine-Matrix-animation-output-transform"/><input semantic="INTERPOLATION" source="#Spine-Interpolations"/></sampler><channel source="#Spine-Matrix-animation-transform" target="Spine/matrix"/></animation>
    <animation id="Spine1-anim" name="Spine1"><source id="Spine1-Matrix-animation-input"><float_array id="Spine1-Matrix-animation-input-array" count="32">

0.000000 0.033333 0.066667 0.100000 0.133333 0.166667 0.200000 0.233333 0.266667 0.300000 0.333333 0.366667 0.400000 0.433333 0.466667 0.500000
0.533333 0.566667 0.600000 0.633333 0.666667 0.700000 0.733333 0.766667 0.800000 0.833333 0.866667 0.900000 0.933333 0.966667 1.000000 1.033333</float_array><technique_common><accessor source="#Spine1-Matrix-animation-input-array" count="32"><param name="TIME" type="float"/></accessor></technique_common></source><source id="Spine1-Matrix-animation-output-transform"><float_array id="Spine1-Matrix-animation-output-transform-array" count="512">

0.986155 0.053132 0.157083 -0.000000 -0.020481 0.979053 -0.202574 12.657500 -0.164555 0.196552 0.966586 -0.113600 0.000000 0.000000 0.000000 1.000000
0.986067 0.049853 0.158704 -0.000000 -0.017715 0.980082 -0.197800 12.657500 -0.165403 0.192232 0.967310 -0.113600 0.000000 0.000000 0.000000 1.000000
0.985928 0.046166 0.160667 -0.000000 -0.014387 0.980978 -0.193586 12.657500 -0.166548 0.188551 0.967838 -0.113600 0.000000 0.000000 0.000000 1.000000
0.985744 0.042170 0.162880 -0.000000 -0.010495 0.981607 -0.190626 12.657500 -0.167923 0.186199 0.968056 -0.113600 0.000000 0.000000 0.000000 1.000000
0.985555 0.038553 0.164912 -0.000000 -0.006758 0.981922 -0.189167 12.657500 -0.169223 0.185320 0.967998 -0.113600 0.000000 0.000000 0.000000 1.000000
0.985425 0.036242 0.166207 0.000000 -0.004287 0.982022 -0.188716 12.657500 -0.170059 0.185253 0.967864 -0.113600 0.000000 0.000000 0.000000 1.000000
0.985390 0.035670 0.166538 0.000000 -0.003696 0.982071 -0.188477 12.657500 -0.170275 0.185107 0.967854 -0.113600 0.000000 0.000000 0.000000 1.000000
0.985425 0.036626 0.166122 0.000000 -0.004815 0.982162 -0.187977 12.657500 -0.170043 0.184437 0.968023 -0.113600 0.000000 0.000000 0.000000 1.000000
0.985477 0.038705 0.165336 0.000000 -0.007143 0.982262 -0.187375 12.657500 -0.169656 0.183473 0.968274 -0.113600 0.000000 0.000000 0.000000 1.000000
0.985511 0.041773 0.164385 -0.000000 -0.010429 0.982286 -0.187098 12.657500 -0.169288 0.182673 0.968490 -0.113600 0.000000 0.000000 0.000000 1.000000
0.985513 0.045959 0.163255 0.000000 -0.014799 0.982215 -0.187174 12.657500 -0.168954 0.182046 0.968666 -0.113600 0.000000 0.000000 0.000000 1.000000
0.985467 0.051265 0.161944 -0.000000 -0.020323 0.982107 -0.187223 12.657500 -0.168645 0.181211 0.968876 -0.113600 0.000000 0.000000 0.000000 1.000000
0.985358 0.057273 0.160591 0.000000 -0.026578 0.981975 -0.187131 12.657500 -0.168414 0.180123 0.969119 -0.113600 0.000000 0.000000 0.000000 1.000000
0.985193 0.063231 0.159365 0.000000 -0.032694 0.981738 -0.187406 12.657500 -0.168305 0.179421 0.969269 -0.113600 0.000000 0.000000 0.000000 1.000000
0.985023 0.068329 0.158308 -0.000000 -0.037747 0.981311 -0.188688 12.657500 -0.168242 0.179887 0.969193 -0.113600 0.000000 0.000000 0.000000 1.000000
0.984920 0.071935 0.157350 -0.000000 -0.041100 0.980713 -0.191083 12.657500 -0.168060 0.181735 0.968880 -0.113600 0.000000 0.000000 0.000000 1.000000
0.984928 0.073768 0.156448 -0.000000 -0.042567 0.980051 -0.194134 12.657500 -0.167648 0.184549 0.968419 -0.113600 0.000000 0.000000 0.000000 1.000000
0.985036 0.074038 0.155633 -0.000000 -0.042442 0.979422 -0.197308 12.657500 -0.167038 0.187750 0.967909 -0.113600 0.000000 0.000000 0.000000 1.000000
0.985196 0.073413 0.154920 0.000000 -0.041433 0.978845 -0.200366 12.657500 -0.166352 0.190981 0.967395 -0.113600 0.000000 0.000000 0.000000 1.000000
0.985353 0.072740 0.154236 0.000000 -0.040382 0.978266 -0.203382 12.657500 -0.165678 0.194174 0.966875 -0.113600 0.000000 0.000000 0.000000 1.000000
0.985480 0.072586 0.153493 0.000000 -0.039831 0.977619 -0.206581 12.657500 -0.165053 0.197467 0.966315 -0.113600 0.000000 0.000000 0.000000 1.000000
0.985571 0.072918 0.152753 0.000000 -0.039715 0.976878 -0.210078 12.657500 -0.164539 0.200980 0.965678 -0.113600 0.000000 0.000000 0.000000 1.000000
0.985631 0.073139 0.152256 0.000000 -0.039445 0.976135 -0.213554 12.657500 -0.164242 0.204480 0.964994 -0.113600 0.000000 0.000000 0.000000 1.000000
0.985678 0.072498 0.152257 0.000000 -0.038362 0.975598 -0.216188 12.657500 -0.164215 0.207251 0.964407 -0.113600 0.000000 0.000000 0.000000 1.000000
0.985732 0.070605 0.152798 0.000000 -0.036208 0.975465 -0.217156 12.657500 -0.164381 0.208525 0.964104 -0.113600 0.000000 0.000000 0.000000 1.000000
0.985800 0.067712 0.153664 -0.000000 -0.033294 0.975743 -0.216374 12.657500 -0.164587 0.208186 0.964142 -0.113600 0.000000 0.000000 0.000000 1.000000
0.985876 0.064560 0.154534 0.000000 -0.030281 0.976220 -0.214657 12.657500 -0.164717 0.206946 0.964387 -0.113600 0.000000 0.000000 0.000000 1.000000
0.985947 0.061840 0.155191 0.000000 -0.027738 0.976668 -0.212958 12.657500 -0.164739 0.205660 0.964658 -0.113600 0.000000 0.000000 0.000000 1.000000
0.986011 0.059709 0.155622 -0.000000 -0.025791 0.977046 -0.211462 12.657500 -0.164676 0.204490 0.964917 -0.113600 0.000000 0.000000 0.000000 1.000000
0.986069 0.057795 0.155976 0.000000 -0.024146 0.977499 -0.209552 12.657500 -0.164578 0.202866 0.965277 -0.113600 0.000000 0.000000 0.000000 1.000000
0.986120 0.055660 0.156429 0.000000 -0.022434 0.978164 -0.206622 12.657500 -0.164514 0.200244 0.965835 -0.113600 0.000000 0.000000 0.000000 1.000000
0.986155 0.053132 0.157083 -0.000000 -0.020481 0.979053 -0.202574 12.657500 -0.164556 0.196552 0.966586 -0.113600 0.000000 0.000000 0.000000 1.000000</float_array><technique_common><accessor source="#Spine1-Matrix-animation-output-transform-array" count="32" stride="16"><param type="float4x4"/></accessor></technique_common></source><source id="Spine1-Interpolations"><Name_array id="Spine1-Interpolations-array" count="32">
 LINEAR LINEAR LINEAR LINEAR LINEAR LINEAR LINEAR LINEAR LINEAR LINEAR LINEAR
LINEAR LINEAR LINEAR LINEAR LINEAR LINEAR LINEAR LINEAR LINEAR LINEAR LINEAR LINEAR
LINEAR LINEAR LINEAR LINEAR LINEAR LINEAR LINEAR LINEAR LINEAR</Name_array><technique_common><accessor source="#Spine1-Interpolations-array" count="32"><param type="name"/></accessor></technique_common></source><sampler id="Spine1-Matrix-animation-transform"><input semantic="INPUT" source="#Spine1-Matrix-animation-input"/><input semantic="OUTPUT" source="#Spine1-Matrix-animation-output-transform"/><input semantic="INTERPOLATION" source="#Spine1-Interpolations"/></sampler><channel source="#Spine1-Matrix-animation-transform" target="Spine1/matrix"/></animation>
    <animation id="Spine2-anim" name="Spine2"><source id="Spine2-Matrix-animation-input"><float_array id="Spine2-Matrix-animation-input-array" count="32">

0.000000 0.033333 0.066667 0.100000 0.133333 0.166667 0.200000 0.233333 0.266667 0.300000 0.333333 0.366667 0.400000 0.433333 0.466667 0.500000
0.533333 0.566667 0.600000 0.633333 0.666667 0.700000 0.733333 0.766667 0.800000 0.833333 0.866667 0.900000 0.933333 0.966667 1.000000 1.033333</float_array><technique_common><accessor source="#Spine2-Matrix-animation-input-array" count="32"><param name="TIME" type="float"/></accessor></technique_common></source><source id="Spine2-Matrix-animation-output-transform"><float_array id="Spine2-Matrix-animation-output-transform-array" count="512">

0.986155 0.053132 0.157083 -0.000000 -0.020481 0.979053 -0.202574 14.465700 -0.164555 0.196552 0.966586 -0.129800 0.000000 0.000000 0.000000 1.000000
0.986067 0.049853 0.158703 0.000000 -0.017715 0.980082 -0.197800 14.465700 -0.165403 0.192232 0.967310 -0.129800 0.000000 0.000000 0.000000 1.000000
0.985928 0.046166 0.160667 0.000000 -0.014387 0.980978 -0.193586 14.465700 -0.166548 0.188551 0.967838 -0.129800 0.000000 0.000000 0.000000 1.000000
0.985744 0.042170 0.162880 0.000000 -0.010495 0.981607 -0.190626 14.465700 -0.167923 0.186199 0.968056 -0.129800 0.000000 0.000000 0.000000 1.000000
0.985555 0.038553 0.164912 0.000000 -0.006758 0.981922 -0.189167 14.465700 -0.169223 0.185320 0.967998 -0.129800 0.000000 0.000000 0.000000 1.000000
0.985425 0.036242 0.166208 0.000000 -0.004287 0.982022 -0.188715 14.465700 -0.170059 0.185252 0.967864 -0.129800 0.000000 0.000000 0.000000 1.000000
0.985390 0.035670 0.166538 0.000000 -0.003696 0.982071 -0.188477 14.465700 -0.170275 0.185107 0.967854 -0.129800 0.000000 0.000000 0.000000 1.000000
0.985425 0.036626 0.166122 0.000000 -0.004815 0.982162 -0.187977 14.465700 -0.170043 0.184437 0.968023 -0.129800 0.000000 0.000000 0.000000 1.000000
0.985477 0.038705 0.165336 0.000000 -0.007143 0.982262 -0.187375 14.465700 -0.169656 0.183473 0.968274 -0.129800 0.000000 0.000000 0.000000 1.000000
0.985511 0.041773 0.164384 0.000000 -0.010428 0.982286 -0.187098 14.465700 -0.169288 0.182673 0.968490 -0.129800 0.000000 0.000000 0.000000 1.000000
0.985513 0.045959 0.163255 0.000000 -0.014799 0.982215 -0.187174 14.465700 -0.168954 0.182046 0.968666 -0.129800 0.000000 0.000000 0.000000 1.000000
0.985467 0.051264 0.161944 -0.000000 -0.020323 0.982107 -0.187224 14.465700 -0.168644 0.181212 0.968876 -0.129800 0.000000 0.000000 0.000000 1.000000
0.985358 0.057273 0.160591 0.000000 -0.026578 0.981975 -0.187131 14.465700 -0.168414 0.180123 0.969119 -0.129800 0.000000 0.000000 0.000000 1.000000
0.985193 0.063231 0.159365 -0.000000 -0.032694 0.981738 -0.187406 14.465700 -0.168304 0.179421 0.969269 -0.129800 0.000000 0.000000 0.000000 1.000000
0.985023 0.068329 0.158308 0.000000 -0.037747 0.981311 -0.188689 14.465700 -0.168242 0.179887 0.969193 -0.129800 0.000000 0.000000 0.000000 1.000000
0.984920 0.071935 0.157349 -0.000000 -0.041100 0.980713 -0.191083 14.465700 -0.168060 0.181735 0.968880 -0.129800 0.000000 0.000000 0.000000 1.000000
0.984928 0.073768 0.156447 0.000000 -0.042567 0.980051 -0.194134 14.465700 -0.167647 0.184549 0.968419 -0.129800 0.000000 0.000000 0.000000 1.000000
0.985037 0.074038 0.155633 0.000000 -0.042442 0.979422 -0.197308 14.465700 -0.167038 0.187750 0.967909 -0.129800 0.000000 0.000000 0.000000 1.000000
0.985196 0.073413 0.154920 0.000000 -0.041433 0.978845 -0.200366 14.465700 -0.166352 0.190981 0.967395 -0.129800 0.000000 0.000000 0.000000 1.000000
0.985353 0.072740 0.154236 0.000000 -0.040381 0.978266 -0.203382 14.465700 -0.165678 0.194174 0.966875 -0.129800 0.000000 0.000000 0.000000 1.000000
0.985480 0.072586 0.153494 0.000000 -0.039831 0.977619 -0.206580 14.465700 -0.165053 0.197467 0.966315 -0.129800 0.000000 0.000000 0.000000 1.000000
0.985571 0.072918 0.152753 0.000000 -0.039715 0.976878 -0.210078 14.465700 -0.164539 0.200980 0.965678 -0.129800 0.000000 0.000000 0.000000 1.000000
0.985631 0.073139 0.152256 0.000000 -0.039445 0.976135 -0.213554 14.465700 -0.164242 0.204480 0.964994 -0.129800 0.000000 0.000000 0.000000 1.000000
0.985678 0.072498 0.152257 0.000000 -0.038362 0.975598 -0.216188 14.465700 -0.164215 0.207251 0.964407 -0.129800 0.000000 0.000000 0.000000 1.000000
0.985732 0.070604 0.152798 -0.000000 -0.036208 0.975465 -0.217156 14.465700 -0.164381 0.208526 0.964104 -0.129800 0.000000 0.000000 0.000000 1.000000
0.985800 0.067712 0.153664 0.000000 -0.033294 0.975743 -0.216374 14.465700 -0.164587 0.208186 0.964142 -0.129800 0.000000 0.000000 0.000000 1.000000
0.985876 0.064560 0.154534 -0.000000 -0.030281 0.976220 -0.214657 14.465700 -0.164717 0.206946 0.964387 -0.129800 0.000000 0.000000 0.000000 1.000000
0.985947 0.061840 0.155191 -0.000000 -0.027738 0.976668 -0.212957 14.465700 -0.164739 0.205660 0.964658 -0.129800 0.000000 0.000000 0.000000 1.000000
0.986011 0.059709 0.155621 0.000000 -0.025792 0.977046 -0.211462 14.465700 -0.164676 0.204490 0.964917 -0.129800 0.000000 0.000000 0.000000 1.000000
0.986068 0.057795 0.155976 0.000000 -0.024146 0.977499 -0.209552 14.465700 -0.164578 0.202866 0.965277 -0.129800 0.000000 0.000000 0.000000 1.000000
0.986120 0.055660 0.156430 -0.000000 -0.022434 0.978164 -0.206622 14.465700 -0.164514 0.200245 0.965835 -0.129800 0.000000 0.000000 0.000000 1.000000
0.986155 0.053132 0.157083 0.000000 -0.020481 0.979053 -0.202574 14.465700 -0.164555 0.196552 0.966586 -0.129800 0.000000 0.000000 0.000000 1.000000</float_array><technique_common><accessor source="#Spine2-Matrix-animation-output-transform-array" count="32" stride="16"><param type="float4x4"/></accessor></technique_common></source><source id="Spine2-Interpolations"><Name_array id="Spine2-Interpolations-array" count="32">
 LINEAR LINEAR LINEAR LINEAR LINEAR LINEAR LINEAR LINEAR LINEAR LINEAR LINEAR
LINEAR LINEAR LINEAR LINEAR LINEAR LINEAR LINEAR LINEAR LINEAR LINEAR LINEAR LINEAR
LINEAR LINEAR LINEAR LINEAR LINEAR LINEAR LINEAR LINEAR LINEAR</Name_array><technique_common><accessor source="#Spine2-Interpolations-array" count="32"><param type="name"/></accessor></technique_common></source><sampler id="Spine2-Matrix-animation-transform"><input semantic="INPUT" source="#Spine2-Matrix-animation-input"/><input semantic="OUTPUT" source="#Spine2-Matrix-animation-output-transform"/><input semantic="INTERPOLATION" source="#Spine2-Interpolations"/></sampler><channel source="#Spine2-Matrix-animation-transform" target="Spine2/matrix"/></animation>
    <animation id="Neck-anim" name="Neck"><source id="Neck-Matrix-animation-input"><float_array id="Neck-Matrix-animation-input-array" count="32">

0.000000 0.033333 0.066667 0.100000 0.133333 0.166667 0.200000 0.233333 0.266667 0.300000 0.333333 0.366667 0.400000 0.433333 0.466667 0.500000
0.533333 0.566667 0.600000 0.633333 0.666667 0.700000 0.733333 0.766667 0.800000 0.833333 0.866667 0.900000 0.933333 0.966667 1.000000 1.033333</float_array><technique_common><accessor source="#Neck-Matrix-animation-input-array" count="32"><param name="TIME" type="float"/></accessor></technique_common></source><source id="Neck-Matrix-animation-output-transform"><float_array id="Neck-Matrix-animation-output-transform-array" count="512">

0.999747 -0.003600 -0.022215 0.000000 0.005257 0.997169 0.075014 17.773800 0.021882 -0.075112 0.996935 1.014400 0.000000 0.000000 0.000000 1.000000
0.999966 0.003323 -0.007564 -0.000000 -0.002672 0.996421 0.084490 17.773800 0.007817 -0.084467 0.996396 1.014400 0.000000 0.000000 0.000000 1.000000
0.999866 0.015982 0.003656 -0.000000 -0.016274 0.994572 0.102772 17.773800 -0.001994 -0.102817 0.994698 1.014400 0.000000 0.000000 0.000000 1.000000
0.999323 0.035087 0.011087 0.000000 -0.036215 0.991180 0.127475 17.773800 -0.006517 -0.127790 0.991780 1.014400 0.000000 0.000000 0.000000 1.000000
0.998232 0.057737 0.014149 0.000000 -0.059215 0.986725 0.151219 17.773800 -0.005230 -0.151789 0.988399 1.014400 0.000000 0.000000 0.000000 1.000000
0.996870 0.078140 0.012057 -0.000000 -0.079058 0.983184 0.164620 17.773800 0.001010 -0.165058 0.986283 1.014400 0.000000 0.000000 0.000000 1.000000
0.995787 0.091582 0.004561 -0.000000 -0.091097 0.982396 0.163093 17.773800 0.010456 -0.162821 0.986600 1.014400 0.000000 0.000000 0.000000 1.000000
0.995277 0.096815 -0.007126 0.000000 -0.094664 0.984182 0.149746 17.773800 0.021511 -0.148364 0.988699 1.014400 0.000000 0.000000 0.000000 1.000000
0.995227 0.095358 -0.020731 0.000000 -0.091816 0.986978 0.132077 17.773800 0.033056 -0.129543 0.991023 1.014400 0.000000 0.000000 0.000000 1.000000
0.995361 0.089959 -0.034121 0.000000 -0.085451 0.989544 0.116194 17.773800 0.044217 -0.112739 0.992640 1.014400 0.000000 0.000000 0.000000 1.000000
0.995396 0.084146 -0.045894 0.000000 -0.078995 0.991396 0.104377 17.773800 0.054282 -0.100272 0.993478 1.014400 0.000000 0.000000 0.000000 1.000000
0.995118 0.081806 -0.055207 0.000000 -0.076207 0.992376 0.096864 17.773800 0.062710 -0.092184 0.993765 1.014400 0.000000 0.000000 0.000000 1.000000
0.994434 0.085518 -0.061540 0.000000 -0.079561 0.992437 0.093487 17.773800 0.069070 -0.088070 0.993717 1.014400 0.000000 0.000000 0.000000 1.000000
0.993372 0.094984 -0.064737 -0.000000 -0.088769 0.991709 0.092920 17.773800 0.073026 -0.086558 0.993567 1.014400 0.000000 0.000000 0.000000 1.000000
0.992079 0.107407 -0.065133 0.000000 -0.101184 0.990577 0.092298 17.773800 0.074433 -0.084977 0.993599 1.014400 0.000000 0.000000 0.000000 1.000000
0.990834 0.119120 -0.063701 -0.000000 -0.113210 0.989532 0.089496 17.773800 0.073695 -0.081465 0.993948 1.014400 0.000000 0.000000 0.000000 1.000000
0.990002 0.126692 -0.062011 0.000000 -0.121194 0.988932 0.085587 17.773800 0.072168 -0.077216 0.994399 1.014400 0.000000 0.000000 0.000000 1.000000
0.989918 0.127482 -0.061729 0.000000 -0.122121 0.988955 0.083985 17.773800 0.071754 -0.075600 0.994553 1.014400 0.000000 0.000000 0.000000 1.000000
0.990656 0.120512 -0.063851 0.000000 -0.114771 0.989572 0.087033 17.773800 0.073674 -0.078892 0.994157 1.014400 0.000000 0.000000 0.000000 1.000000
0.991890 0.107192 -0.068292 0.000000 -0.100581 0.990494 0.093839 17.773800 0.077702 -0.086209 0.993242 1.014400 0.000000 0.000000 0.000000 1.000000
0.993112 0.090783 -0.074070 0.000000 -0.083067 0.991379 0.101328 17.773800 0.082630 -0.094477 0.992092 1.014400 0.000000 0.000000 0.000000 1.000000
0.994017 0.074751 -0.079646 0.000000 -0.066045 0.992082 0.106828 17.773800 0.087001 -0.100929 0.991082 1.014400 0.000000 0.000000 0.000000 1.000000
0.994643 0.061347 -0.083201 0.000000 -0.052053 0.992611 0.109607 17.773800 0.089310 -0.104689 0.990487 1.014400 0.000000 0.000000 0.000000 1.000000
0.995226 0.051106 -0.083141 -0.000000 -0.041758 0.992995 0.110530 17.773800 0.088207 -0.106530 0.990389 1.014400 0.000000 0.000000 0.000000 1.000000
0.995951 0.043016 -0.078932 0.000000 -0.034128 0.993269 0.110693 17.773800 0.083162 -0.107551 0.990715 1.014400 0.000000 0.000000 0.000000 1.000000
0.996817 0.035227 -0.071515 0.000000 -0.027198 0.993527 0.110292 17.773800 0.074937 -0.107996 0.991323 1.014400 0.000000 0.000000 0.000000 1.000000
0.997686 0.026369 -0.062670 0.000000 -0.019463 0.993922 0.108355 17.773800 0.065147 -0.106884 0.992135 1.014400 0.000000 0.000000 0.000000 1.000000
0.998411 0.016770 -0.053805 0.000000 -0.011135 0.994580 0.103378 17.773800 0.055247 -0.102615 0.993186 1.014400 0.000000 0.000000 0.000000 1.000000
0.998937 0.008230 -0.045356 0.000000 -0.003893 0.995481 0.094882 17.773800 0.045931 -0.094604 0.994455 1.014400 0.000000 0.000000 0.000000 1.000000
0.999304 0.002274 -0.037234 -0.000000 0.000896 0.996388 0.084909 17.773800 0.037293 -0.084883 0.995693 1.014400 0.000000 0.000000 0.000000 1.000000
0.999565 -0.001234 -0.029452 0.000000 0.003506 0.997008 0.077223 17.773800 0.029269 -0.077292 0.996579 1.014400 0.000000 0.000000 0.000000 1.000000
0.999747 -0.003600 -0.022215 -0.000000 0.005257 0.997169 0.075013 17.773800 0.021882 -0.075111 0.996935 1.014400 0.000000 0.000000 0.000000 1.000000</float_array><technique_common><accessor source="#Neck-Matrix-animation-output-transform-array" count="32" stride="16"><param type="float4x4"/></accessor></technique_common></source><source id="Neck-Interpolations"><Name_array id="Neck-Interpolations-array" count="32">
 LINEAR LINEAR LINEAR LINEAR LINEAR LINEAR LINEAR LINEAR LINEAR LINEAR LINEAR
LINEAR LINEAR LINEAR LINEAR LINEAR LINEAR LINEAR LINEAR LINEAR LINEAR LINEAR LINEAR
LINEAR LINEAR LINEAR LINEAR LINEAR LINEAR LINEAR LINEAR LINEAR</Name_array><technique_common><accessor source="#Neck-Interpolations-array" count="32"><param type="name"/></accessor></technique_common></source><sampler id="Neck-Matrix-animation-transform"><input semantic="INPUT" source="#Neck-Matrix-animation-input"/><input semantic="OUTPUT" source="#Neck-Matrix-animation-output-transform"/><input semantic="INTERPOLATION" source="#Neck-Interpolations"/></sampler><channel source="#Neck-Matrix-animation-transform" target="Neck/matrix"/></animation>
    <animation id="Head-anim" name="Head"><source id="Head-Matrix-animation-input"><float_array id="Head-Matrix-animation-input-array" count="32">

0.000000 0.033333 0.066667 0.100000 0.133333 0.166667 0.200000 0.233333 0.266667 0.300000 0.333333 0.366667 0.400000 0.433333 0.466667 0.500000
0.533333 0.566667 0.600000 0.633333 0.666667 0.700000 0.733333 0.766667 0.800000 0.833333 0.866667 0.900000 0.933333 0.966667 1.000000 1.033333</float_array><technique_common><accessor source="#Head-Matrix-animation-input-array" count="32"><param name="TIME" type="float"/></accessor></technique_common></source><source id="Head-Matrix-animation-output-transform"><float_array id="Head-Matrix-animation-output-transform-array" count="512">

0.937032 0.006168 0.349190 -0.000000 -0.044691 0.993742 0.102370 10.855400 -0.346374 -0.111530 0.931443 4.482600 0.000000 0.000000 0.000000 1.000000
0.938339 0.010309 0.345563 -0.000000 -0.044000 0.994988 0.089794 10.855400 -0.342906 -0.099462 0.934089 4.482600 0.000000 0.000000 0.000000 1.000000
0.949579 0.014276 0.313202 -0.000000 -0.038650 0.996673 0.071754 10.855400 -0.311136 -0.080241 0.946972 4.482600 0.000000 0.000000 0.000000 1.000000
0.966640 0.015349 0.255680 0.000000 -0.029696 0.998187 0.052346 10.855400 -0.254414 -0.058192 0.965343 4.482600 0.000000 0.000000 0.000000 1.000000
0.983717 0.015036 0.179096 0.000000 -0.021731 0.999134 0.035476 10.855400 -0.178408 -0.038790 0.983192 4.482600 0.000000 0.000000 0.000000 1.000000
0.995619 0.018137 0.091728 0.000000 -0.020421 0.999503 0.024024 10.855400 -0.091247 -0.025792 0.995494 4.482600 0.000000 0.000000 0.000000 1.000000
0.999618 0.027611 0.001454 0.000000 -0.027633 0.999445 0.018595 10.855400 -0.000939 -0.018628 0.999826 4.482600 0.000000 0.000000 0.000000 1.000000
0.995468 0.042018 -0.085314 0.000000 -0.040695 0.999024 0.017192 10.855400 0.085953 -0.013642 0.996206 4.482600 0.000000 0.000000 0.000000 1.000000
0.984922 0.057601 -0.163125 0.000000 -0.055479 0.998306 0.017539 10.855400 0.163859 -0.008225 0.986449 4.482600 0.000000 0.000000 0.000000 1.000000
0.971260 0.071006 -0.227183 0.000000 -0.068360 0.997470 0.019504 10.855400 0.227993 -0.003414 0.973657 4.482600 0.000000 0.000000 0.000000 1.000000
0.958542 0.079167 -0.273734 0.000000 -0.075536 0.996859 0.023794 10.855400 0.274757 -0.002130 0.961511 4.482600 0.000000 0.000000 0.000000 1.000000
0.950697 0.078400 -0.300048 0.000000 -0.073001 0.996905 0.029180 10.855400 0.301407 -0.005838 0.953478 4.482600 0.000000 0.000000 0.000000 1.000000
0.950562 0.065959 -0.303449 -0.000000 -0.058100 0.997702 0.034866 10.855400 0.305051 -0.015512 0.952210 4.482600 0.000000 0.000000 0.000000 1.000000
0.956947 0.044749 -0.286791 0.000000 -0.033879 0.998511 0.042754 10.855400 0.288277 -0.031197 0.957039 4.482600 0.000000 0.000000 0.000000 1.000000
0.966793 0.021553 -0.254651 0.000000 -0.007336 0.998367 0.056645 10.855400 0.255456 -0.052896 0.965373 4.482600 0.000000 0.000000 0.000000 1.000000
0.977327 0.002598 -0.211721 0.000000 0.014331 0.996820 0.078388 10.855400 0.211251 -0.079645 0.974182 4.482600 0.000000 0.000000 0.000000 1.000000
0.986395 -0.009023 -0.164147 0.000000 0.026387 0.994236 0.103913 10.855400 0.162264 -0.106831 0.980947 4.482600 0.000000 0.000000 0.000000 1.000000
0.992742 -0.013125 -0.119543 -0.000000 0.028204 0.991713 0.125336 10.855400 0.116907 -0.127798 0.984886 4.482600 0.000000 0.000000 0.000000 1.000000
0.996430 -0.011257 -0.083672 0.000000 0.022698 0.990301 0.137069 10.855400 0.081318 -0.138479 0.987021 4.482600 0.000000 0.000000 0.000000 1.000000
0.998837 -0.008696 -0.047421 -0.000000 0.015383 0.989674 0.142512 10.855400 0.045692 -0.143076 0.988656 4.482600 0.000000 0.000000 0.000000 1.000000
0.999929 -0.006911 -0.009728 0.000000 0.008250 0.989378 0.145134 10.855400 0.008622 -0.145204 0.989364 4.482600 0.000000 0.000000 0.000000 1.000000
0.999570 -0.005873 0.028732 0.000000 0.001591 0.989162 0.146823 10.855400 -0.029283 -0.146714 0.988745 4.482600 0.000000 0.000000 0.000000 1.000000
0.997687 -0.005492 0.067751 0.000000 -0.004543 0.989114 0.147084 10.855400 -0.067821 -0.147051 0.986801 4.482600 0.000000 0.000000 0.000000 1.000000
0.994199 -0.005889 0.107398 -0.000000 -0.009700 0.989522 0.144053 10.855400 -0.107121 -0.144259 0.983725 4.482600 0.000000 0.000000 0.000000 1.000000
0.989017 -0.006886 0.147641 0.000000 -0.013532 0.990500 0.136845 10.855400 -0.147180 -0.137340 0.979528 4.482600 0.000000 0.000000 0.000000 1.000000
0.982142 -0.007513 0.187990 0.000000 -0.016727 0.991759 0.127023 10.855400 -0.187395 -0.127900 0.973922 4.482600 0.000000 0.000000 0.000000 1.000000
0.973791 -0.006449 0.227352 0.000000 -0.020940 0.992810 0.117852 10.855400 -0.226478 -0.119524 0.966655 4.482600 0.000000 0.000000 0.000000 1.000000
0.964497 -0.003200 0.264076 -0.000000 -0.027397 0.993319 0.112103 10.855400 -0.262671 -0.115358 0.957965 4.482600 0.000000 0.000000 0.000000 1.000000
0.955132 0.001222 0.296178 -0.000000 -0.035445 0.993277 0.110205 10.855400 -0.294052 -0.115758 0.948754 4.482600 0.000000 0.000000 0.000000 1.000000
0.946807 0.004909 0.321765 0.000000 -0.042507 0.993030 0.109929 10.855400 -0.318983 -0.117759 0.940416 4.482600 0.000000 0.000000 0.000000 1.000000
0.940545 0.006573 0.339606 0.000000 -0.045966 0.993079 0.108083 10.855400 -0.336545 -0.117267 0.934337 4.482600 0.000000 0.000000 0.000000 1.000000
0.937032 0.006168 0.349190 -0.000000 -0.044691 0.993742 0.102371 10.855400 -0.346373 -0.111530 0.931443 4.482600 0.000000 0.000000 0.000000 1.000000</float_array><technique_common><accessor source="#Head-Matrix-animation-output-transform-array" count="32" stride="16"><param type="float4x4"/></accessor></technique_common></source><source id="Head-Interpolations"><Name_array id="Head-Interpolations-array" count="32">
 LINEAR LINEAR LINEAR LINEAR LINEAR LINEAR LINEAR LINEAR LINEAR LINEAR LINEAR
LINEAR LINEAR LINEAR LINEAR LINEAR LINEAR LINEAR LINEAR LINEAR LINEAR LINEAR LINEAR
LINEAR LINEAR LINEAR LINEAR LINEAR LINEAR LINEAR LINEAR LINEAR</Name_array><technique_common><accessor source="#Head-Interpolations-array" count="32"><param type="name"/></accessor></technique_common></source><sampler id="Head-Matrix-animation-transform"><input semantic="INPUT" source="#Head-Matrix-animation-input"/><input semantic="OUTPUT" source="#Head-Matrix-animation-output-transform"/><input semantic="INTERPOLATION" source="#Head-Interpolations"/></sampler><channel source="#Head-Matrix-animation-transform" target="Head/matrix"/></animation>
    <animation id="LeftShoulder-anim" name="LeftShoulder"><source id="LeftShoulder-Matrix-animation-input"><float_array id="LeftShoulder-Matrix-animation-input-array" count="32">

0.000000 0.033333 0.066667 0.100000 0.133333 0.166667 0.200000 0.233333 0.266667 0.300000 0.333333 0.366667 0.400000 0.433333 0.466667 0.500000
